1	1	0	10|40	200	40|60
2	1	5	15|45	200	45|65
3	1	10	20|50	200	50|70
4	1	15	25|55	200	55|75
5	1	20	30|60	200	60|80
6	1	30	35|65	200	65|85
7	1	40	40|65	200	65|85
8	1	50	45|65	200	65|85
9	1	60	50|70	200	70|90
10	1	80	55|75	200	75|90
11	1	100	70|85	200	85|90
12	1	150	75|90	200	90|92
13	1	200	80|92	5	100|100
14	1	250	85|95	6	100|100
15	1	300	90|97	8	100|100
16	1	350	90|99	10	100|100
17	1	400	90|99	15	100|100
18	1	600	95|99	30	100|100
19	1	800	95|99	50	100|100
20	2	0	10|40	200	40|60
21	2	5	15|45	200	45|65
22	2	10	20|50	200	50|70
23	2	15	25|55	200	55|75
24	2	20	30|60	200	60|80
25	2	30	35|65	200	65|85
26	2	40	40|65	200	65|85
27	2	50	45|65	200	65|85
28	2	60	50|70	200	70|90
29	2	80	55|75	200	75|90
30	2	100	70|85	200	85|90
31	2	150	75|90	200	90|92
32	2	200	80|92	5	100|100
33	2	250	85|95	6	100|100
34	2	300	90|97	8	100|100
35	2	350	90|99	10	100|100
36	2	400	90|99	15	100|100
37	2	600	95|99	30	100|100
38	2	800	95|99	50	100|100
39	3	0	10|40	200	40|60
40	3	5	15|45	200	45|65
41	3	10	20|50	200	50|70
42	3	15	25|55	200	55|75
43	3	20	30|60	200	60|80
44	3	30	35|65	200	65|85
45	3	40	40|65	200	65|85
46	3	50	45|65	200	65|85
47	3	60	50|70	200	70|90
48	3	80	55|75	200	75|90
49	3	100	70|85	200	85|90
50	3	150	75|90	200	90|92
51	3	200	80|92	5	100|100
52	3	250	85|95	6	100|100
53	3	300	90|97	8	100|100
54	3	350	90|99	10	100|100
55	3	400	90|99	15	100|100
56	3	600	95|99	30	100|100
57	3	800	95|99	50	100|100
58	4	0	10|40	200	40|60
59	4	5	15|45	200	45|65
60	4	10	20|50	200	50|70
61	4	15	25|55	200	55|75
62	4	20	30|60	200	60|80
63	4	30	35|65	200	65|85
64	4	40	40|65	200	65|85
65	4	50	45|65	200	65|85
66	4	60	50|70	200	70|90
67	4	80	55|75	200	75|90
68	4	100	70|85	200	85|90
69	4	150	75|90	200	90|92
70	4	200	80|92	5	100|100
71	4	250	85|95	6	100|100
72	4	300	90|97	8	100|100
73	4	350	90|99	10	100|100
74	4	400	90|99	15	100|100
75	4	650	95|99	30	100|100
76	4	900	95|99	50	100|100
77	5	0	10|40	200	40|60
78	5	5	15|45	200	45|65
79	5	10	20|50	200	50|70
80	5	15	25|55	200	55|75
81	5	20	30|60	200	60|80
82	5	30	35|65	200	65|85
83	5	40	40|65	200	65|85
84	5	50	45|65	200	65|85
85	5	60	50|70	200	70|90
86	5	80	55|75	200	75|90
87	5	100	70|85	200	85|90
88	5	150	75|90	200	90|92
89	5	200	80|92	5	100|100
90	5	250	85|95	6	100|100
91	5	300	90|97	8	100|100
92	5	350	90|99	10	100|100
93	5	400	90|99	15	100|100
94	5	650	95|99	30	100|100
95	5	900	95|99	50	100|100
96	6	0	10|40	200	40|60
97	6	5	15|45	200	45|65
98	6	10	20|50	200	50|70
99	6	15	25|55	200	55|75
100	6	20	30|60	200	60|80
101	6	30	35|65	200	65|85
102	6	40	40|65	200	65|85
103	6	50	45|65	200	65|85
104	6	60	50|70	200	70|90
105	6	80	55|75	200	75|90
106	6	100	70|85	200	85|90
107	6	150	75|90	200	90|92
108	6	200	80|92	5	100|100
109	6	250	85|95	6	100|100
110	6	300	90|97	8	100|100
111	6	350	90|99	10	100|100
112	6	400	90|99	15	100|100
113	6	700	95|99	30	100|100
114	6	1000	95|99	50	100|100
