531003007	200000001|200000002|200000003|200000004	200000004	1
531003008	200000005|200000006|200000007|200000008	200000007	1
531003009	200000076|200000077|200000078|200000079|200000080	200000078	1
531003010	200000012|200000013|200000014|200000015	200000015	1
531003011	200000016|200000017|200000018|200000011	200000018	1
531002009	200000001|200000002|200000003|200000004	200000004	1
531002010	200000005|200000006|200000007|200000008	200000007	1
531002011	200000076|200000077|200000078|200000079|200000080	200000078	1
531002012	200000012|200000013|200000014|200000015	200000015	1
531002013	200000016|200000017|200000018|200000011	200000018	1
531002014	200000001|200000002|200000003|200000004	200000004	1
531002015	200000005|200000006|200000007|200000008	200000007	1
531002016	200000076|200000077|200000078|200000079|200000080	200000078	1
531002017	200000012|200000013|200000014|200000015	200000015	1
531002018	200000016|200000017|200000018|200000011	200000018	1
532003007	200000001|200000002|200000003|200000004	200000004	1
532003008	200000005|200000006|200000007|200000008	200000007	1
532003009	200000082|200000083|200000084|200000085|200000086	200000083	1
532003010	200000012|200000013|200000014|200000015	200000015	1
532003011	200000016|200000017|200000018|200000011	200000018	1
532002009	200000001|200000002|200000003|200000004	200000004	1
532002010	200000005|200000006|200000007|200000008	200000007	1
532002011	200000082|200000083|200000084|200000085|200000086	200000083	1
532002012	200000012|200000013|200000014|200000015	200000015	1
532002013	200000016|200000017|200000018|200000011	200000018	1
532002014	200000001|200000002|200000003|200000004	200000004	1
532002015	200000005|200000006|200000007|200000008	200000007	1
532002016	200000082|200000083|200000084|200000085|200000086	200000083	1
532002017	200000012|200000013|200000014|200000015	200000015	1
532002018	200000016|200000017|200000018|200000011	200000018	1
533003007	200000001|200000002|200000003|200000004	200000004	1
533003008	200000005|200000006|200000007|200000008	200000008	1
533003009	200000092|200000093|200000094|200000095|200000096	200000096	1
533003010	200000012|200000013|200000014|200000015	200000014	1
533003011	200000016|200000017|200000018|200000011	200000018	1
533002009	200000001|200000002|200000003|200000004	200000004	1
533002010	200000005|200000006|200000007|200000008	200000008	1
533002011	200000092|200000093|200000094|200000095|200000096	200000096	1
533002012	200000012|200000013|200000014|200000015	200000014	1
533002013	200000016|200000017|200000018|200000011	200000018	1
533002014	200000001|200000002|200000003|200000004	200000004	1
533002015	200000005|200000006|200000007|200000008	200000008	1
533002016	200000092|200000093|200000094|200000095|200000096	200000096	1
533002017	200000012|200000013|200000014|200000015	200000014	1
533002018	200000016|200000017|200000018|200000011	200000018	1
535003007	200000001|200000002|200000003|200000004	200000004	1
535003008	200000005|200000006|200000007|200000008	200000007	1
535003009	200000087|200000088|200000089|200000090|200000091	200000091	1
535003010	200000012|200000013|200000014|200000015	200000015	1
535003011	200000016|200000017|200000018|200000011	200000018	1
535002009	200000001|200000002|200000003|200000004	200000004	1
535002010	200000005|200000006|200000007|200000008	200000007	1
535002011	200000087|200000088|200000089|200000090|200000091	200000091	1
535002012	200000012|200000013|200000014|200000015	200000015	1
535002013	200000016|200000017|200000018|200000011	200000018	1
535002014	200000001|200000002|200000003|200000004	200000004	1
535002015	200000005|200000006|200000007|200000008	200000007	1
535002016	200000087|200000088|200000089|200000090|200000091	200000091	1
535002017	200000012|200000013|200000014|200000015	200000015	1
535002018	200000016|200000017|200000018|200000011	200000018	1
531002006	200000001|200000002|200000003|200000004	200000004	1
531002007	200000012|200000013|200000014|200000015	200000015	1
531002008	130000047	130000047	0
532002006	200000001|200000002|200000003|200000004	200000004	1
532002007	200000012|200000013|200000014|200000015	200000015	1
532002008	130000047	130000047	0
533002006	200000001|200000002|200000003|200000004	200000004	1
533002007	200000012|200000013|200000014|200000015	200000014	1
533002008	130000047	130000047	0
535002006	200000001|200000002|200000003|200000004	200000004	1
535002007	200000012|200000013|200000014|200000015	200000015	1
535002008	130000047	130000047	0
531002001	200000019|200000020|200000021|200000022	200000022	1
531002002	200000023|200000024|200000025|200000026	200000025	1
531002003	200000097|200000098|200000099|200000100|200000101	200000097	1
531002004	200000030|200000031|200000032|200000033	200000033	1
531002005	200000034|200000035|200000036|200000029	200000036	1
531003001	200000019|200000020|200000021|200000022	200000022	1
531003002	200000023|200000024|200000025|200000026	200000025	1
531003003	200000097|200000098|200000099|200000100|200000101	200000097	1
531003004	200000030|200000031|200000032|200000033	200000033	1
531003005	200000034|200000035|200000036|200000029	200000036	1
531003012	200000019|200000020|200000021|200000022	200000022	1
531003013	200000023|200000024|200000025|200000026	200000025	1
531003014	200000097|200000098|200000099|200000100|200000101	200000097	1
531003015	200000030|200000031|200000032|200000033	200000033	1
531003016	200000034|200000035|200000036|200000029	200000036	1
531003017	200000019|200000020|200000021|200000022	200000022	1
531003018	200000023|200000024|200000025|200000026	200000025	1
531003019	200000097|200000098|200000099|200000100|200000101	200000097	1
531003020	200000030|200000031|200000032|200000033	200000033	1
531003021	200000034|200000035|200000036|200000029	200000036	1
531003022	200000019|200000020|200000021|200000022	200000022	1
531003023	200000023|200000024|200000025|200000026	200000025	1
531003024	200000097|200000098|200000099|200000100|200000101	200000097	1
531003025	200000030|200000031|200000032|200000033	200000033	1
531003026	200000034|200000035|200000036|200000029	200000036	1
531003027	200000019|200000020|200000021|200000022	200000022	1
531003028	200000023|200000024|200000025|200000026	200000025	1
531003029	200000097|200000098|200000099|200000100|200000101	200000097	1
531003030	200000030|200000031|200000032|200000033	200000033	1
531003031	200000034|200000035|200000036|200000029	200000036	1
531003032	200000019|200000020|200000021|200000022	200000022	1
531003033	200000023|200000024|200000025|200000026	200000025	1
531003034	200000097|200000098|200000099|200000100|200000101	200000097	1
531003035	200000030|200000031|200000032|200000033	200000033	1
531003036	200000034|200000035|200000036|200000029	200000036	1
531003037	200000019|200000020|200000021|200000022	200000022	1
531003038	200000023|200000024|200000025|200000026	200000025	1
531003039	200000097|200000098|200000099|200000100|200000101	200000097	1
531003040	200000030|200000031|200000032|200000033	200000033	1
531003041	200000034|200000035|200000036|200000029	200000036	1
531003042	200000019|200000020|200000021|200000022	200000022	1
531003043	200000023|200000024|200000025|200000026	200000025	1
531003044	200000097|200000098|200000099|200000100|200000101	200000097	1
531003045	200000030|200000031|200000032|200000033	200000033	1
531003046	200000034|200000035|200000036|200000029	200000036	1
531003047	200000019|200000020|200000021|200000022	200000022	1
531003048	200000023|200000024|200000025|200000026	200000025	1
531003049	200000097|200000098|200000099|200000100|200000101	200000097	1
531003050	200000030|200000031|200000032|200000033	200000033	1
531003051	200000034|200000035|200000036|200000029	200000036	1
531003052	200000019|200000020|200000021|200000022	200000022	1
531003053	200000023|200000024|200000025|200000026	200000025	1
531003054	200000097|200000098|200000099|200000100|200000101	200000097	1
531003055	200000030|200000031|200000032|200000033	200000033	1
531003056	200000034|200000035|200000036|200000029	200000036	1
531003057	200000019|200000020|200000021|200000022	200000022	1
531003058	200000023|200000024|200000025|200000026	200000025	1
531003059	200000097|200000098|200000099|200000100|200000101	200000097	1
531003060	200000030|200000031|200000032|200000033	200000033	1
531003061	200000034|200000035|200000036|200000029	200000036	1
531003062	200000019|200000020|200000021|200000022	200000022	1
531003063	200000023|200000024|200000025|200000026	200000025	1
531003064	200000097|200000098|200000099|200000100|200000101	200000097	1
531003065	200000030|200000031|200000032|200000033	200000033	1
531003066	200000034|200000035|200000036|200000029	200000036	1
531003067	200000019|200000020|200000021|200000022	200000022	1
531003068	200000023|200000024|200000025|200000026	200000025	1
531003069	200000097|200000098|200000099|200000100|200000101	200000097	1
531003070	200000030|200000031|200000032|200000033	200000033	1
531003071	200000034|200000035|200000036|200000029	200000036	1
531003072	200000019|200000020|200000021|200000022	200000022	1
531003073	200000023|200000024|200000025|200000026	200000025	1
531003074	200000097|200000098|200000099|200000100|200000101	200000097	1
531003075	200000030|200000031|200000032|200000033	200000033	1
531003076	200000034|200000035|200000036|200000029	200000036	1
531003077	200000019|200000020|200000021|200000022	200000022	1
531003078	200000023|200000024|200000025|200000026	200000025	1
531003079	200000097|200000098|200000099|200000100|200000101	200000097	1
531003080	200000030|200000031|200000032|200000033	200000033	1
531003081	200000034|200000035|200000036|200000029	200000036	1
531003082	200000019|200000020|200000021|200000022	200000022	1
531003083	200000023|200000024|200000025|200000026	200000025	1
531003084	200000097|200000098|200000099|200000100|200000101	200000097	1
531003085	200000030|200000031|200000032|200000033	200000033	1
531003086	200000034|200000035|200000036|200000029	200000036	1
531003087	200000019|200000020|200000021|200000022	200000022	1
531003088	200000023|200000024|200000025|200000026	200000025	1
531003089	200000097|200000098|200000099|200000100|200000101	200000097	1
531003090	200000030|200000031|200000032|200000033	200000033	1
531003091	200000034|200000035|200000036|200000029	200000036	1
531003092	200000019|200000020|200000021|200000022	200000022	1
531003093	200000023|200000024|200000025|200000026	200000025	1
531003094	200000097|200000098|200000099|200000100|200000101	200000097	1
531003095	200000030|200000031|200000032|200000033	200000033	1
531003096	200000034|200000035|200000036|200000029	200000036	1
531003097	200000019|200000020|200000021|200000022	200000022	1
531003098	200000023|200000024|200000025|200000026	200000025	1
531003099	200000097|200000098|200000099|200000100|200000101	200000097	1
531003100	200000030|200000031|200000032|200000033	200000033	1
531003101	200000034|200000035|200000036|200000029	200000036	1
531003102	200000019|200000020|200000021|200000022	200000022	1
531003103	200000023|200000024|200000025|200000026	200000025	1
531003104	200000097|200000098|200000099|200000100|200000101	200000097	1
531003105	200000030|200000031|200000032|200000033	200000033	1
531003106	200000034|200000035|200000036|200000029	200000036	1
531003107	200000019|200000020|200000021|200000022	200000022	1
531003108	200000023|200000024|200000025|200000026	200000025	1
531003109	200000097|200000098|200000099|200000100|200000101	200000097	1
531003110	200000030|200000031|200000032|200000033	200000033	1
531003111	200000034|200000035|200000036|200000029	200000036	1
531003112	200000019|200000020|200000021|200000022	200000022	1
531003113	200000023|200000024|200000025|200000026	200000025	1
531003114	200000097|200000098|200000099|200000100|200000101	200000097	1
531003115	200000030|200000031|200000032|200000033	200000033	1
531003116	200000034|200000035|200000036|200000029	200000036	1
531003117	200000019|200000020|200000021|200000022	200000022	1
531003118	200000023|200000024|200000025|200000026	200000025	1
531003119	200000097|200000098|200000099|200000100|200000101	200000097	1
531003120	200000030|200000031|200000032|200000033	200000033	1
531003121	200000034|200000035|200000036|200000029	200000036	1
531003122	200000019|200000020|200000021|200000022	200000022	1
531003123	200000023|200000024|200000025|200000026	200000025	1
531003124	200000097|200000098|200000099|200000100|200000101	200000097	1
531003125	200000030|200000031|200000032|200000033	200000033	1
531003126	200000034|200000035|200000036|200000029	200000036	1
531003127	200000019|200000020|200000021|200000022	200000022	1
531003128	200000023|200000024|200000025|200000026	200000025	1
531003129	200000097|200000098|200000099|200000100|200000101	200000097	1
531003130	200000030|200000031|200000032|200000033	200000033	1
531003131	200000034|200000035|200000036|200000029	200000036	1
531003132	200000019|200000020|200000021|200000022	200000022	1
531003133	200000023|200000024|200000025|200000026	200000025	1
531003134	200000097|200000098|200000099|200000100|200000101	200000097	1
531003135	200000030|200000031|200000032|200000033	200000033	1
531003136	200000034|200000035|200000036|200000029	200000036	1
531003137	200000019|200000020|200000021|200000022	200000022	1
531003138	200000023|200000024|200000025|200000026	200000025	1
531003139	200000097|200000098|200000099|200000100|200000101	200000097	1
531003140	200000030|200000031|200000032|200000033	200000033	1
531003141	200000034|200000035|200000036|200000029	200000036	1
531003142	200000019|200000020|200000021|200000022	200000022	1
531003143	200000023|200000024|200000025|200000026	200000025	1
531003144	200000097|200000098|200000099|200000100|200000101	200000097	1
531003145	200000030|200000031|200000032|200000033	200000033	1
531003146	200000034|200000035|200000036|200000029	200000036	1
531003147	200000019|200000020|200000021|200000022	200000022	1
531003148	200000023|200000024|200000025|200000026	200000025	1
531003149	200000097|200000098|200000099|200000100|200000101	200000097	1
531003150	200000030|200000031|200000032|200000033	200000033	1
531003151	200000034|200000035|200000036|200000029	200000036	1
532003001	200000019|200000020|200000021|200000022	200000022	1
532003002	200000023|200000024|200000025|200000026	200000025	1
532003003	200000102|200000104|200000106|200000108|200000109	200000106	1
532003004	200000030|200000031|200000032|200000033	200000033	1
532003005	200000034|200000035|200000036|200000029	200000036	1
532002001	200000019|200000020|200000021|200000022	200000022	1
532002002	200000023|200000024|200000025|200000026	200000025	1
532002003	200000102|200000104|200000106|200000108|200000109	200000106	1
532002004	200000030|200000031|200000032|200000033	200000033	1
532002005	200000034|200000035|200000036|200000029	200000036	1
532003012	200000019|200000020|200000021|200000022	200000022	1
532003013	200000023|200000024|200000025|200000026	200000025	1
532003014	200000102|200000104|200000106|200000108|200000109	200000106	1
532003015	200000030|200000031|200000032|200000033	200000033	1
532003016	200000034|200000035|200000036|200000029	200000036	1
532003017	200000019|200000020|200000021|200000022	200000022	1
532003018	200000023|200000024|200000025|200000026	200000025	1
532003019	200000102|200000104|200000106|200000108|200000109	200000106	1
532003020	200000030|200000031|200000032|200000033	200000033	1
532003021	200000034|200000035|200000036|200000029	200000036	1
532003022	200000019|200000020|200000021|200000022	200000022	1
532003023	200000023|200000024|200000025|200000026	200000025	1
532003024	200000102|200000104|200000106|200000108|200000109	200000106	1
532003025	200000030|200000031|200000032|200000033	200000033	1
532003026	200000034|200000035|200000036|200000029	200000036	1
532003027	200000019|200000020|200000021|200000022	200000022	1
532003028	200000023|200000024|200000025|200000026	200000025	1
532003029	200000102|200000104|200000106|200000108|200000109	200000106	1
532003030	200000030|200000031|200000032|200000033	200000033	1
532003031	200000034|200000035|200000036|200000029	200000036	1
532003032	200000019|200000020|200000021|200000022	200000022	1
532003033	200000023|200000024|200000025|200000026	200000025	1
532003034	200000102|200000104|200000106|200000108|200000109	200000106	1
532003035	200000030|200000031|200000032|200000033	200000033	1
532003036	200000034|200000035|200000036|200000029	200000036	1
532003037	200000019|200000020|200000021|200000022	200000022	1
532003038	200000023|200000024|200000025|200000026	200000025	1
532003039	200000102|200000104|200000106|200000108|200000109	200000106	1
532003040	200000030|200000031|200000032|200000033	200000033	1
532003041	200000034|200000035|200000036|200000029	200000036	1
532003042	200000019|200000020|200000021|200000022	200000022	1
532003043	200000023|200000024|200000025|200000026	200000025	1
532003044	200000102|200000104|200000106|200000108|200000109	200000106	1
532003045	200000030|200000031|200000032|200000033	200000033	1
532003046	200000034|200000035|200000036|200000029	200000036	1
532003047	200000019|200000020|200000021|200000022	200000022	1
532003048	200000023|200000024|200000025|200000026	200000025	1
532003049	200000102|200000104|200000106|200000108|200000109	200000106	1
532003050	200000030|200000031|200000032|200000033	200000033	1
532003051	200000034|200000035|200000036|200000029	200000036	1
532003052	200000019|200000020|200000021|200000022	200000022	1
532003053	200000023|200000024|200000025|200000026	200000025	1
532003054	200000102|200000104|200000106|200000108|200000109	200000106	1
532003055	200000030|200000031|200000032|200000033	200000033	1
532003056	200000034|200000035|200000036|200000029	200000036	1
532003057	200000019|200000020|200000021|200000022	200000022	1
532003058	200000023|200000024|200000025|200000026	200000025	1
532003059	200000102|200000104|200000106|200000108|200000109	200000106	1
532003060	200000030|200000031|200000032|200000033	200000033	1
532003061	200000034|200000035|200000036|200000029	200000036	1
532003062	200000019|200000020|200000021|200000022	200000022	1
532003063	200000023|200000024|200000025|200000026	200000025	1
532003064	200000102|200000104|200000106|200000108|200000109	200000106	1
532003065	200000030|200000031|200000032|200000033	200000033	1
532003066	200000034|200000035|200000036|200000029	200000036	1
532003067	200000019|200000020|200000021|200000022	200000022	1
532003068	200000023|200000024|200000025|200000026	200000025	1
532003069	200000102|200000104|200000106|200000108|200000109	200000106	1
532003070	200000030|200000031|200000032|200000033	200000033	1
532003071	200000034|200000035|200000036|200000029	200000036	1
532003072	200000019|200000020|200000021|200000022	200000022	1
532003073	200000023|200000024|200000025|200000026	200000025	1
532003074	200000102|200000104|200000106|200000108|200000109	200000106	1
532003075	200000030|200000031|200000032|200000033	200000033	1
532003076	200000034|200000035|200000036|200000029	200000036	1
532003077	200000019|200000020|200000021|200000022	200000022	1
532003078	200000023|200000024|200000025|200000026	200000025	1
532003079	200000102|200000104|200000106|200000108|200000109	200000106	1
532003080	200000030|200000031|200000032|200000033	200000033	1
532003081	200000034|200000035|200000036|200000029	200000036	1
532003082	200000019|200000020|200000021|200000022	200000022	1
532003083	200000023|200000024|200000025|200000026	200000025	1
532003084	200000102|200000104|200000106|200000108|200000109	200000106	1
532003085	200000030|200000031|200000032|200000033	200000033	1
532003086	200000034|200000035|200000036|200000029	200000036	1
532003087	200000019|200000020|200000021|200000022	200000022	1
532003088	200000023|200000024|200000025|200000026	200000025	1
532003089	200000102|200000104|200000106|200000108|200000109	200000106	1
532003090	200000030|200000031|200000032|200000033	200000033	1
532003091	200000034|200000035|200000036|200000029	200000036	1
532003092	200000019|200000020|200000021|200000022	200000022	1
532003093	200000023|200000024|200000025|200000026	200000025	1
532003094	200000102|200000104|200000106|200000108|200000109	200000106	1
532003095	200000030|200000031|200000032|200000033	200000033	1
532003096	200000034|200000035|200000036|200000029	200000036	1
532003097	200000019|200000020|200000021|200000022	200000022	1
532003098	200000023|200000024|200000025|200000026	200000025	1
532003099	200000102|200000104|200000106|200000108|200000109	200000106	1
532003100	200000030|200000031|200000032|200000033	200000033	1
532003101	200000034|200000035|200000036|200000029	200000036	1
532003102	200000019|200000020|200000021|200000022	200000022	1
532003103	200000023|200000024|200000025|200000026	200000025	1
532003104	200000102|200000104|200000106|200000108|200000109	200000106	1
532003105	200000030|200000031|200000032|200000033	200000033	1
532003106	200000034|200000035|200000036|200000029	200000036	1
532003107	200000019|200000020|200000021|200000022	200000022	1
532003108	200000023|200000024|200000025|200000026	200000025	1
532003109	200000102|200000104|200000106|200000108|200000109	200000106	1
532003110	200000030|200000031|200000032|200000033	200000033	1
532003111	200000034|200000035|200000036|200000029	200000036	1
532003112	200000019|200000020|200000021|200000022	200000022	1
532003113	200000023|200000024|200000025|200000026	200000025	1
532003114	200000102|200000104|200000106|200000108|200000109	200000106	1
532003115	200000030|200000031|200000032|200000033	200000033	1
532003116	200000034|200000035|200000036|200000029	200000036	1
532003117	200000019|200000020|200000021|200000022	200000022	1
532003118	200000023|200000024|200000025|200000026	200000025	1
532003119	200000102|200000104|200000106|200000108|200000109	200000106	1
532003120	200000030|200000031|200000032|200000033	200000033	1
532003121	200000034|200000035|200000036|200000029	200000036	1
532003122	200000019|200000020|200000021|200000022	200000022	1
532003123	200000023|200000024|200000025|200000026	200000025	1
532003124	200000102|200000104|200000106|200000108|200000109	200000106	1
532003125	200000030|200000031|200000032|200000033	200000033	1
532003126	200000034|200000035|200000036|200000029	200000036	1
532003127	200000019|200000020|200000021|200000022	200000022	1
532003128	200000023|200000024|200000025|200000026	200000025	1
532003129	200000102|200000104|200000106|200000108|200000109	200000106	1
532003130	200000030|200000031|200000032|200000033	200000033	1
532003131	200000034|200000035|200000036|200000029	200000036	1
532003132	200000019|200000020|200000021|200000022	200000022	1
532003133	200000023|200000024|200000025|200000026	200000025	1
532003134	200000102|200000104|200000106|200000108|200000109	200000106	1
532003135	200000030|200000031|200000032|200000033	200000033	1
532003136	200000034|200000035|200000036|200000029	200000036	1
532003137	200000019|200000020|200000021|200000022	200000022	1
532003138	200000023|200000024|200000025|200000026	200000025	1
532003139	200000102|200000104|200000106|200000108|200000109	200000106	1
532003140	200000030|200000031|200000032|200000033	200000033	1
532003141	200000034|200000035|200000036|200000029	200000036	1
532003142	200000019|200000020|200000021|200000022	200000022	1
532003143	200000023|200000024|200000025|200000026	200000025	1
532003144	200000102|200000104|200000106|200000108|200000109	200000106	1
532003145	200000030|200000031|200000032|200000033	200000033	1
532003146	200000034|200000035|200000036|200000029	200000036	1
532003147	200000019|200000020|200000021|200000022	200000022	1
532003148	200000023|200000024|200000025|200000026	200000025	1
532003149	200000102|200000104|200000106|200000108|200000109	200000106	1
532003150	200000030|200000031|200000032|200000033	200000033	1
532003151	200000034|200000035|200000036|200000029	200000036	1
533003001	200000019|200000020|200000021|200000022	200000022	1
533003002	200000023|200000024|200000025|200000026	200000026	1
533003003	200000116|200000117|200000118|200000119|200000120	200000117	1
533003004	200000030|200000031|200000032|200000033	200000032	1
533003005	200000034|200000035|200000036|200000029	200000036	1
533002001	200000019|200000020|200000021|200000022	200000022	1
533002002	200000023|200000024|200000025|200000026	200000026	1
533002003	200000116|200000117|200000118|200000119|200000120	200000117	1
533002004	200000030|200000031|200000032|200000033	200000032	1
533002005	200000034|200000035|200000036|200000029	200000036	1
533003012	200000019|200000020|200000021|200000022	200000022	1
533003013	200000023|200000024|200000025|200000026	200000026	1
533003014	200000116|200000117|200000118|200000119|200000120	200000117	1
533003015	200000030|200000031|200000032|200000033	200000032	1
533003016	200000034|200000035|200000036|200000029	200000036	1
533003017	200000019|200000020|200000021|200000022	200000022	1
533003018	200000023|200000024|200000025|200000026	200000026	1
533003019	200000116|200000117|200000118|200000119|200000120	200000117	1
533003020	200000030|200000031|200000032|200000033	200000032	1
533003021	200000034|200000035|200000036|200000029	200000036	1
533003022	200000019|200000020|200000021|200000022	200000022	1
533003023	200000023|200000024|200000025|200000026	200000026	1
533003024	200000116|200000117|200000118|200000119|200000120	200000117	1
533003025	200000030|200000031|200000032|200000033	200000032	1
533003026	200000034|200000035|200000036|200000029	200000036	1
533003027	200000019|200000020|200000021|200000022	200000022	1
533003028	200000023|200000024|200000025|200000026	200000026	1
533003029	200000116|200000117|200000118|200000119|200000120	200000117	1
533003030	200000030|200000031|200000032|200000033	200000032	1
533003031	200000034|200000035|200000036|200000029	200000036	1
533003032	200000019|200000020|200000021|200000022	200000022	1
533003033	200000023|200000024|200000025|200000026	200000026	1
533003034	200000116|200000117|200000118|200000119|200000120	200000117	1
533003035	200000030|200000031|200000032|200000033	200000032	1
533003036	200000034|200000035|200000036|200000029	200000036	1
533003037	200000019|200000020|200000021|200000022	200000022	1
533003038	200000023|200000024|200000025|200000026	200000026	1
533003039	200000116|200000117|200000118|200000119|200000120	200000117	1
533003040	200000030|200000031|200000032|200000033	200000032	1
533003041	200000034|200000035|200000036|200000029	200000036	1
533003042	200000019|200000020|200000021|200000022	200000022	1
533003043	200000023|200000024|200000025|200000026	200000026	1
533003044	200000116|200000117|200000118|200000119|200000120	200000117	1
533003045	200000030|200000031|200000032|200000033	200000032	1
533003046	200000034|200000035|200000036|200000029	200000036	1
533003047	200000019|200000020|200000021|200000022	200000022	1
533003048	200000023|200000024|200000025|200000026	200000026	1
533003049	200000116|200000117|200000118|200000119|200000120	200000117	1
533003050	200000030|200000031|200000032|200000033	200000032	1
533003051	200000034|200000035|200000036|200000029	200000036	1
533003052	200000019|200000020|200000021|200000022	200000022	1
533003053	200000023|200000024|200000025|200000026	200000026	1
533003054	200000116|200000117|200000118|200000119|200000120	200000117	1
533003055	200000030|200000031|200000032|200000033	200000032	1
533003056	200000034|200000035|200000036|200000029	200000036	1
533003057	200000019|200000020|200000021|200000022	200000022	1
533003058	200000023|200000024|200000025|200000026	200000026	1
533003059	200000116|200000117|200000118|200000119|200000120	200000117	1
533003060	200000030|200000031|200000032|200000033	200000032	1
533003061	200000034|200000035|200000036|200000029	200000036	1
533003062	200000019|200000020|200000021|200000022	200000022	1
533003063	200000023|200000024|200000025|200000026	200000026	1
533003064	200000116|200000117|200000118|200000119|200000120	200000117	1
533003065	200000030|200000031|200000032|200000033	200000032	1
533003066	200000034|200000035|200000036|200000029	200000036	1
533003067	200000019|200000020|200000021|200000022	200000022	1
533003068	200000023|200000024|200000025|200000026	200000026	1
533003069	200000116|200000117|200000118|200000119|200000120	200000117	1
533003070	200000030|200000031|200000032|200000033	200000032	1
533003071	200000034|200000035|200000036|200000029	200000036	1
533003072	200000019|200000020|200000021|200000022	200000022	1
533003073	200000023|200000024|200000025|200000026	200000026	1
533003074	200000116|200000117|200000118|200000119|200000120	200000117	1
533003075	200000030|200000031|200000032|200000033	200000032	1
533003076	200000034|200000035|200000036|200000029	200000036	1
533003077	200000019|200000020|200000021|200000022	200000022	1
533003078	200000023|200000024|200000025|200000026	200000026	1
533003079	200000116|200000117|200000118|200000119|200000120	200000117	1
533003080	200000030|200000031|200000032|200000033	200000032	1
533003081	200000034|200000035|200000036|200000029	200000036	1
533003082	200000019|200000020|200000021|200000022	200000022	1
533003083	200000023|200000024|200000025|200000026	200000026	1
533003084	200000116|200000117|200000118|200000119|200000120	200000117	1
533003085	200000030|200000031|200000032|200000033	200000032	1
533003086	200000034|200000035|200000036|200000029	200000036	1
533003087	200000019|200000020|200000021|200000022	200000022	1
533003088	200000023|200000024|200000025|200000026	200000026	1
533003089	200000116|200000117|200000118|200000119|200000120	200000117	1
533003090	200000030|200000031|200000032|200000033	200000032	1
533003091	200000034|200000035|200000036|200000029	200000036	1
533003092	200000019|200000020|200000021|200000022	200000022	1
533003093	200000023|200000024|200000025|200000026	200000026	1
533003094	200000116|200000117|200000118|200000119|200000120	200000117	1
533003095	200000030|200000031|200000032|200000033	200000032	1
533003096	200000034|200000035|200000036|200000029	200000036	1
533003097	200000019|200000020|200000021|200000022	200000022	1
533003098	200000023|200000024|200000025|200000026	200000026	1
533003099	200000116|200000117|200000118|200000119|200000120	200000117	1
533003100	200000030|200000031|200000032|200000033	200000032	1
533003101	200000034|200000035|200000036|200000029	200000036	1
533003102	200000019|200000020|200000021|200000022	200000022	1
533003103	200000023|200000024|200000025|200000026	200000026	1
533003104	200000116|200000117|200000118|200000119|200000120	200000117	1
533003105	200000030|200000031|200000032|200000033	200000032	1
533003106	200000034|200000035|200000036|200000029	200000036	1
533003107	200000019|200000020|200000021|200000022	200000022	1
533003108	200000023|200000024|200000025|200000026	200000026	1
533003109	200000116|200000117|200000118|200000119|200000120	200000117	1
533003110	200000030|200000031|200000032|200000033	200000032	1
533003111	200000034|200000035|200000036|200000029	200000036	1
533003112	200000019|200000020|200000021|200000022	200000022	1
533003113	200000023|200000024|200000025|200000026	200000026	1
533003114	200000116|200000117|200000118|200000119|200000120	200000117	1
533003115	200000030|200000031|200000032|200000033	200000032	1
533003116	200000034|200000035|200000036|200000029	200000036	1
533003117	200000019|200000020|200000021|200000022	200000022	1
533003118	200000023|200000024|200000025|200000026	200000026	1
533003119	200000116|200000117|200000118|200000119|200000120	200000117	1
533003120	200000030|200000031|200000032|200000033	200000032	1
533003121	200000034|200000035|200000036|200000029	200000036	1
533003122	200000019|200000020|200000021|200000022	200000022	1
533003123	200000023|200000024|200000025|200000026	200000026	1
533003124	200000116|200000117|200000118|200000119|200000120	200000117	1
533003125	200000030|200000031|200000032|200000033	200000032	1
533003126	200000034|200000035|200000036|200000029	200000036	1
533003127	200000019|200000020|200000021|200000022	200000022	1
533003128	200000023|200000024|200000025|200000026	200000026	1
533003129	200000116|200000117|200000118|200000119|200000120	200000117	1
533003130	200000030|200000031|200000032|200000033	200000032	1
533003131	200000034|200000035|200000036|200000029	200000036	1
533003132	200000019|200000020|200000021|200000022	200000022	1
533003133	200000023|200000024|200000025|200000026	200000026	1
533003134	200000116|200000117|200000118|200000119|200000120	200000117	1
533003135	200000030|200000031|200000032|200000033	200000032	1
533003136	200000034|200000035|200000036|200000029	200000036	1
533003137	200000019|200000020|200000021|200000022	200000022	1
533003138	200000023|200000024|200000025|200000026	200000026	1
533003139	200000116|200000117|200000118|200000119|200000120	200000117	1
533003140	200000030|200000031|200000032|200000033	200000032	1
533003141	200000034|200000035|200000036|200000029	200000036	1
533003142	200000019|200000020|200000021|200000022	200000022	1
533003143	200000023|200000024|200000025|200000026	200000026	1
533003144	200000116|200000117|200000118|200000119|200000120	200000117	1
533003145	200000030|200000031|200000032|200000033	200000032	1
533003146	200000034|200000035|200000036|200000029	200000036	1
533003147	200000019|200000020|200000021|200000022	200000022	1
533003148	200000023|200000024|200000025|200000026	200000026	1
533003149	200000116|200000117|200000118|200000119|200000120	200000117	1
533003150	200000030|200000031|200000032|200000033	200000032	1
533003151	200000034|200000035|200000036|200000029	200000036	1
535003001	200000019|200000020|200000021|200000022	200000022	1
535003002	200000023|200000024|200000025|200000026	200000025	1
535003003	200000111|200000112|200000113|200000114|200000115	200000115	1
535003004	200000030|200000031|200000032|200000033	200000033	1
535003005	200000034|200000035|200000036|200000029	200000036	1
535002001	200000019|200000020|200000021|200000022	200000022	1
535002002	200000023|200000024|200000025|200000026	200000025	1
535002003	200000111|200000112|200000113|200000114|200000115	200000115	1
535002004	200000030|200000031|200000032|200000033	200000033	1
535002005	200000034|200000035|200000036|200000029	200000036	1
535003012	200000019|200000020|200000021|200000022	200000022	1
535003013	200000023|200000024|200000025|200000026	200000025	1
535003014	200000111|200000112|200000113|200000114|200000115	200000115	1
535003015	200000030|200000031|200000032|200000033	200000033	1
535003016	200000034|200000035|200000036|200000029	200000036	1
535003017	200000019|200000020|200000021|200000022	200000022	1
535003018	200000023|200000024|200000025|200000026	200000025	1
535003019	200000111|200000112|200000113|200000114|200000115	200000115	1
535003020	200000030|200000031|200000032|200000033	200000033	1
535003021	200000034|200000035|200000036|200000029	200000036	1
535003022	200000019|200000020|200000021|200000022	200000022	1
535003023	200000023|200000024|200000025|200000026	200000025	1
535003024	200000111|200000112|200000113|200000114|200000115	200000115	1
535003025	200000030|200000031|200000032|200000033	200000033	1
535003026	200000034|200000035|200000036|200000029	200000036	1
535003027	200000019|200000020|200000021|200000022	200000022	1
535003028	200000023|200000024|200000025|200000026	200000025	1
535003029	200000111|200000112|200000113|200000114|200000115	200000115	1
535003030	200000030|200000031|200000032|200000033	200000033	1
535003031	200000034|200000035|200000036|200000029	200000036	1
535003032	200000019|200000020|200000021|200000022	200000022	1
535003033	200000023|200000024|200000025|200000026	200000025	1
535003034	200000111|200000112|200000113|200000114|200000115	200000115	1
535003035	200000030|200000031|200000032|200000033	200000033	1
535003036	200000034|200000035|200000036|200000029	200000036	1
535003037	200000019|200000020|200000021|200000022	200000022	1
535003038	200000023|200000024|200000025|200000026	200000025	1
535003039	200000111|200000112|200000113|200000114|200000115	200000115	1
535003040	200000030|200000031|200000032|200000033	200000033	1
535003041	200000034|200000035|200000036|200000029	200000036	1
535003042	200000019|200000020|200000021|200000022	200000022	1
535003043	200000023|200000024|200000025|200000026	200000025	1
535003044	200000111|200000112|200000113|200000114|200000115	200000115	1
535003045	200000030|200000031|200000032|200000033	200000033	1
535003046	200000034|200000035|200000036|200000029	200000036	1
535003047	200000019|200000020|200000021|200000022	200000022	1
535003048	200000023|200000024|200000025|200000026	200000025	1
535003049	200000111|200000112|200000113|200000114|200000115	200000115	1
535003050	200000030|200000031|200000032|200000033	200000033	1
535003051	200000034|200000035|200000036|200000029	200000036	1
535003052	200000019|200000020|200000021|200000022	200000022	1
535003053	200000023|200000024|200000025|200000026	200000025	1
535003054	200000111|200000112|200000113|200000114|200000115	200000115	1
535003055	200000030|200000031|200000032|200000033	200000033	1
535003056	200000034|200000035|200000036|200000029	200000036	1
535003057	200000019|200000020|200000021|200000022	200000022	1
535003058	200000023|200000024|200000025|200000026	200000025	1
535003059	200000111|200000112|200000113|200000114|200000115	200000115	1
535003060	200000030|200000031|200000032|200000033	200000033	1
535003061	200000034|200000035|200000036|200000029	200000036	1
535003062	200000019|200000020|200000021|200000022	200000022	1
535003063	200000023|200000024|200000025|200000026	200000025	1
535003064	200000111|200000112|200000113|200000114|200000115	200000115	1
535003065	200000030|200000031|200000032|200000033	200000033	1
535003066	200000034|200000035|200000036|200000029	200000036	1
535003067	200000019|200000020|200000021|200000022	200000022	1
535003068	200000023|200000024|200000025|200000026	200000025	1
535003069	200000111|200000112|200000113|200000114|200000115	200000115	1
535003070	200000030|200000031|200000032|200000033	200000033	1
535003071	200000034|200000035|200000036|200000029	200000036	1
535003072	200000019|200000020|200000021|200000022	200000022	1
535003073	200000023|200000024|200000025|200000026	200000025	1
535003074	200000111|200000112|200000113|200000114|200000115	200000115	1
535003075	200000030|200000031|200000032|200000033	200000033	1
535003076	200000034|200000035|200000036|200000029	200000036	1
535003077	200000019|200000020|200000021|200000022	200000022	1
535003078	200000023|200000024|200000025|200000026	200000025	1
535003079	200000111|200000112|200000113|200000114|200000115	200000115	1
535003080	200000030|200000031|200000032|200000033	200000033	1
535003081	200000034|200000035|200000036|200000029	200000036	1
535003082	200000019|200000020|200000021|200000022	200000022	1
535003083	200000023|200000024|200000025|200000026	200000025	1
535003084	200000111|200000112|200000113|200000114|200000115	200000115	1
535003085	200000030|200000031|200000032|200000033	200000033	1
535003086	200000034|200000035|200000036|200000029	200000036	1
535003087	200000019|200000020|200000021|200000022	200000022	1
535003088	200000023|200000024|200000025|200000026	200000025	1
535003089	200000111|200000112|200000113|200000114|200000115	200000115	1
535003090	200000030|200000031|200000032|200000033	200000033	1
535003091	200000034|200000035|200000036|200000029	200000036	1
535003092	200000019|200000020|200000021|200000022	200000022	1
535003093	200000023|200000024|200000025|200000026	200000025	1
535003094	200000111|200000112|200000113|200000114|200000115	200000115	1
535003095	200000030|200000031|200000032|200000033	200000033	1
535003096	200000034|200000035|200000036|200000029	200000036	1
535003097	200000019|200000020|200000021|200000022	200000022	1
535003098	200000023|200000024|200000025|200000026	200000025	1
535003099	200000111|200000112|200000113|200000114|200000115	200000115	1
535003100	200000030|200000031|200000032|200000033	200000033	1
535003101	200000034|200000035|200000036|200000029	200000036	1
535003102	200000019|200000020|200000021|200000022	200000022	1
535003103	200000023|200000024|200000025|200000026	200000025	1
535003104	200000111|200000112|200000113|200000114|200000115	200000115	1
535003105	200000030|200000031|200000032|200000033	200000033	1
535003106	200000034|200000035|200000036|200000029	200000036	1
535003107	200000019|200000020|200000021|200000022	200000022	1
535003108	200000023|200000024|200000025|200000026	200000025	1
535003109	200000111|200000112|200000113|200000114|200000115	200000115	1
535003110	200000030|200000031|200000032|200000033	200000033	1
535003111	200000034|200000035|200000036|200000029	200000036	1
535003112	200000019|200000020|200000021|200000022	200000022	1
535003113	200000023|200000024|200000025|200000026	200000025	1
535003114	200000111|200000112|200000113|200000114|200000115	200000115	1
535003115	200000030|200000031|200000032|200000033	200000033	1
535003116	200000034|200000035|200000036|200000029	200000036	1
535003117	200000019|200000020|200000021|200000022	200000022	1
535003118	200000023|200000024|200000025|200000026	200000025	1
535003119	200000111|200000112|200000113|200000114|200000115	200000115	1
535003120	200000030|200000031|200000032|200000033	200000033	1
535003121	200000034|200000035|200000036|200000029	200000036	1
535003122	200000019|200000020|200000021|200000022	200000022	1
535003123	200000023|200000024|200000025|200000026	200000025	1
535003124	200000111|200000112|200000113|200000114|200000115	200000115	1
535003125	200000030|200000031|200000032|200000033	200000033	1
535003126	200000034|200000035|200000036|200000029	200000036	1
535003127	200000019|200000020|200000021|200000022	200000022	1
535003128	200000023|200000024|200000025|200000026	200000025	1
535003129	200000111|200000112|200000113|200000114|200000115	200000115	1
535003130	200000030|200000031|200000032|200000033	200000033	1
535003131	200000034|200000035|200000036|200000029	200000036	1
535003132	200000019|200000020|200000021|200000022	200000022	1
535003133	200000023|200000024|200000025|200000026	200000025	1
535003134	200000111|200000112|200000113|200000114|200000115	200000115	1
535003135	200000030|200000031|200000032|200000033	200000033	1
535003136	200000034|200000035|200000036|200000029	200000036	1
535003137	200000019|200000020|200000021|200000022	200000022	1
535003138	200000023|200000024|200000025|200000026	200000025	1
535003139	200000111|200000112|200000113|200000114|200000115	200000115	1
535003140	200000030|200000031|200000032|200000033	200000033	1
535003141	200000034|200000035|200000036|200000029	200000036	1
535003142	200000019|200000020|200000021|200000022	200000022	1
535003143	200000023|200000024|200000025|200000026	200000025	1
535003144	200000111|200000112|200000113|200000114|200000115	200000115	1
535003145	200000030|200000031|200000032|200000033	200000033	1
535003146	200000034|200000035|200000036|200000029	200000036	1
535003147	200000019|200000020|200000021|200000022	200000022	1
535003148	200000023|200000024|200000025|200000026	200000025	1
535003149	200000111|200000112|200000113|200000114|200000115	200000115	1
535003150	200000030|200000031|200000032|200000033	200000033	1
535003151	200000034|200000035|200000036|200000029	200000036	1
531003152	200000019|200000020|200000021|200000022	200000022	1
531003153	200000023|200000024|200000025|200000026	200000025	1
531003154	200000097|200000098|200000099|200000100|200000101	200000097	1
531003155	200000030|200000031|200000032|200000033	200000033	1
531003156	200000034|200000035|200000036|200000029	200000036	1
532003152	200000019|200000020|200000021|200000022	200000022	1
532003153	200000023|200000024|200000025|200000026	200000025	1
532003154	200000102|200000104|200000106|200000108|200000109	200000106	1
532003155	200000030|200000031|200000032|200000033	200000033	1
532003156	200000034|200000035|200000036|200000029	200000036	1
533003152	200000019|200000020|200000021|200000022	200000022	1
533003153	200000023|200000024|200000025|200000026	200000026	1
533003154	200000116|200000117|200000118|200000119|200000120	200000117	1
533003155	200000030|200000031|200000032|200000033	200000032	1
533003156	200000034|200000035|200000036|200000029	200000036	1
535003152	200000019|200000020|200000021|200000022	200000022	1
535003153	200000023|200000024|200000025|200000026	200000025	1
535003154	200000111|200000112|200000113|200000114|200000115	200000115	1
535003155	200000030|200000031|200000032|200000033	200000033	1
535003156	200000034|200000035|200000036|200000029	200000036	1
531005001	200000055|200000056|200000057|200000058	200000058	1
531005002	200000059|200000060|200000061|200000062	200000061	1
531005003	200000063|200000064|200000065	200000063	1
531005004	200000066|200000067|200000068|200000069	200000069	1
531005005	200000070|200000071|200000072|200000075	200000072	1
532005001	200000055|200000056|200000057|200000058	200000058	1
532005002	200000059|200000060|200000061|200000062	200000061	1
532005003	200000063|200000064|200000065	200000063	1
532005004	200000066|200000067|200000068|200000069	200000069	1
532005005	200000070|200000071|200000072|200000075	200000072	1
533005001	200000055|200000056|200000057|200000058	200000058	1
533005002	200000059|200000060|200000061|200000062	200000062	1
533005003	200000063|200000064|200000065	200000063	1
533005004	200000066|200000067|200000068|200000069	200000068	1
533005005	200000070|200000071|200000072|200000075	200000072	1
535005001	200000055|200000056|200000057|200000058	200000058	1
535005002	200000059|200000060|200000061|200000062	200000061	1
535005003	200000111|200000112|200000113|200000114|200000115	200000111	1
535005004	200000066|200000067|200000068|200000069	200000069	1
535005005	200000070|200000071|200000072|200000075	200000072	1
531003006	130000019	130000019	0
532003006	130000019	130000019	0
533003006	130000019	130000019	0
535003006	130000019	130000019	0
531005006	130000046	130000046	0
532005006	130000046	130000046	0
533005006	130000046	130000046	0
535005006	130000046	130000046	0
531005007	130000047	130000047	0
532005007	130000047	130000047	0
533005007	130000047	130000047	0
535005007	130000047	130000047	0
531005008	130000046	130000046	0
532005008	130000046	130000046	0
533005008	130000046	130000046	0
535005008	130000046	130000046	0
531005009	130000046	130000046	0
532005009	130000046	130000046	0
533005009	130000046	130000046	0
535005009	130000046	130000046	0
531005010	130000047	130000047	0
532005010	130000047	130000047	0
533005010	130000047	130000047	0
535005010	130000047	130000047	0
531005011	130000047	130000047	0
532005011	130000047	130000047	0
533005011	130000047	130000047	0
535005011	130000047	130000047	0
