1000	1	1	9500	0	5_0_1_200	0	0.0	0	0.0
1001	1	1	38	1	41020_1_2_3	2	41016_1_1_4	0	0.0
1002	1	1	45	1	41020_1_2_2	3	41016_1_1_3	0	0.0
1003	1	1	38	2	41020_1_2_3	3	41016_1_1_4	0	0.0
1004	1	1	45	2	41020_1_2_2	4	41016_1_1_3	0	0.0
1005	1	1	38	3	41020_1_2_3	4	41016_1_1_4	0	0.0
1006	1	1	45	3	41020_1_2_2	5	41016_1_1_3	0	0.0
1007	1	1	38	4	41020_1_2_3	5	41016_1_1_4	0	0.0
1008	1	1	45	4	41020_1_2_2	6	41016_1_1_3	0	0.0
1009	1	1	38	5	41020_1_2_3	6	41016_1_1_4	0	0.0
1010	1	1	46	5	41020_1_2_2	1	41016_1_1_3	0	0.0
1011	1	1	38	6	41020_1_2_3	1	41016_1_1_4	0	0.0
1012	1	1	46	6	41020_1_2_2	2	41016_1_1_3	0	0.0
1013	1	2	9000	0	5_0_1_200	0	0.0	0	0.0
1014	1	2	75	1	41020_1_2_3	2	41016_1_1_4	0	0.0
1015	1	2	92	1	41020_1_2_2	3	41016_1_1_3	0	0.0
1016	1	2	75	2	41020_1_2_3	3	41016_1_1_4	0	0.0
1017	1	2	92	2	41020_1_2_2	4	41016_1_1_3	0	0.0
1018	1	2	75	3	41020_1_2_3	4	41016_1_1_4	0	0.0
1019	1	2	92	3	41020_1_2_2	5	41016_1_1_3	0	0.0
1020	1	2	75	4	41020_1_2_3	5	41016_1_1_4	0	0.0
1021	1	2	92	4	41020_1_2_2	6	41016_1_1_3	0	0.0
1022	1	2	75	5	41020_1_2_3	6	41016_1_1_4	0	0.0
1023	1	2	91	5	41020_1_2_2	1	41016_1_1_3	0	0.0
1024	1	2	75	6	41020_1_2_3	1	41016_1_1_4	0	0.0
1025	1	2	91	6	41020_1_2_2	2	41016_1_1_3	0	0.0
1026	1	3	8500	0	5_0_1_200	0	0.0	0	0.0
1027	1	3	115	1	41020_1_2_3	2	41016_1_1_4	0	0.0
1028	1	3	135	1	41020_1_2_2	3	41016_1_1_3	0	0.0
1029	1	3	115	2	41020_1_2_3	3	41016_1_1_4	0	0.0
1030	1	3	135	2	41020_1_2_2	4	41016_1_1_3	0	0.0
1031	1	3	115	3	41020_1_2_3	4	41016_1_1_4	0	0.0
1032	1	3	135	3	41020_1_2_2	5	41016_1_1_3	0	0.0
1033	1	3	115	4	41020_1_2_3	5	41016_1_1_4	0	0.0
1034	1	3	135	4	41020_1_2_2	6	41016_1_1_3	0	0.0
1035	1	3	115	5	41020_1_2_3	6	41016_1_1_4	0	0.0
1036	1	3	135	5	41020_1_2_2	1	41016_1_1_3	0	0.0
1037	1	3	115	6	41020_1_2_3	1	41016_1_1_4	0	0.0
1038	1	3	135	6	41020_1_2_2	2	41016_1_1_3	0	0.0
1039	1	4	8000	0	5_0_1_200	0	0.0	0	0.0
1040	1	4	123	1	41020_1_2_3	2	41016_1_1_4	0	0.0
1041	1	4	140	1	41020_1_2_2	3	41016_1_1_3	0	0.0
1042	1	4	124	2	41020_1_2_3	3	41016_1_1_4	0	0.0
1043	1	4	140	2	41020_1_2_2	4	41016_1_1_3	0	0.0
1044	1	4	123	3	41020_1_2_3	4	41016_1_1_4	0	0.0
1045	1	4	140	3	41020_1_2_2	5	41016_1_1_3	0	0.0
1046	1	4	123	4	41020_1_2_3	5	41016_1_1_4	0	0.0
1047	1	4	140	4	41020_1_2_2	6	41016_1_1_3	0	0.0
1048	1	4	123	5	41020_1_2_3	6	41016_1_1_4	0	0.0
1049	1	4	140	5	41020_1_2_2	1	41016_1_1_3	0	0.0
1050	1	4	124	6	41020_1_2_3	1	41016_1_1_4	0	0.0
1051	1	4	140	6	41020_1_2_2	2	41016_1_1_3	0	0.0
1052	1	4	70	1	41029_1_4_1	6	41029_1_4_1	0	5_0_1_2000
1053	1	4	70	2	41029_1_4_1	5	41029_1_4_1	0	5_0_1_2000
1054	1	4	70	3	41029_1_4_1	4	41029_1_4_1	0	5_0_1_2000
1055	1	4	70	4	41029_1_4_1	3	41029_1_4_1	0	5_0_1_2000
1056	1	4	70	5	41029_1_4_1	2	41029_1_4_1	0	5_0_1_2000
1057	1	4	70	6	41029_1_4_1	1	41029_1_4_1	0	5_0_1_2000
2000	2	1	9500	0	5_0_1_200	0	0.0	0	0.0
2001	2	1	38	1	41033_1_4_3	2	41032_1_4_4	0	0.0
2002	2	1	45	1	41033_1_4_2	3	41032_1_4_3	0	0.0
2003	2	1	38	2	41033_1_4_3	3	41032_1_4_4	0	0.0
2004	2	1	45	2	41033_1_4_2	4	41032_1_4_3	0	0.0
2005	2	1	38	3	41033_1_4_3	4	41032_1_4_4	0	0.0
2006	2	1	45	3	41033_1_4_2	5	41032_1_4_3	0	0.0
2007	2	1	38	4	41033_1_4_3	5	41032_1_4_4	0	0.0
2008	2	1	45	4	41033_1_4_2	6	41032_1_4_3	0	0.0
2009	2	1	38	5	41033_1_4_3	6	41032_1_4_4	0	0.0
2010	2	1	46	5	41033_1_4_2	1	41032_1_4_3	0	0.0
2011	2	1	38	6	41033_1_4_3	1	41032_1_4_4	0	0.0
2012	2	1	46	6	41033_1_4_2	2	41032_1_4_3	0	0.0
2013	2	2	9000	0	5_0_1_200	0	0.0	0	0.0
2014	2	2	75	1	41033_1_4_3	2	41032_1_4_4	0	0.0
2015	2	2	92	1	41033_1_4_2	3	41032_1_4_3	0	0.0
2016	2	2	75	2	41033_1_4_3	3	41032_1_4_4	0	0.0
2017	2	2	92	2	41033_1_4_2	4	41032_1_4_3	0	0.0
2018	2	2	75	3	41033_1_4_3	4	41032_1_4_4	0	0.0
2019	2	2	92	3	41033_1_4_2	5	41032_1_4_3	0	0.0
2020	2	2	75	4	41033_1_4_3	5	41032_1_4_4	0	0.0
2021	2	2	92	4	41033_1_4_2	6	41032_1_4_3	0	0.0
2022	2	2	75	5	41033_1_4_3	6	41032_1_4_4	0	0.0
2023	2	2	91	5	41033_1_4_2	1	41032_1_4_3	0	0.0
2024	2	2	75	6	41033_1_4_3	1	41032_1_4_4	0	0.0
2025	2	2	91	6	41033_1_4_2	2	41032_1_4_3	0	0.0
2026	2	3	8500	0	5_0_1_200	0	0.0	0	0.0
2027	2	3	115	1	41033_1_4_3	2	41032_1_4_4	0	0.0
2028	2	3	135	1	41033_1_4_2	3	41032_1_4_3	0	0.0
2029	2	3	115	2	41033_1_4_3	3	41032_1_4_4	0	0.0
2030	2	3	135	2	41033_1_4_2	4	41032_1_4_3	0	0.0
2031	2	3	115	3	41033_1_4_3	4	41032_1_4_4	0	0.0
2032	2	3	135	3	41033_1_4_2	5	41032_1_4_3	0	0.0
2033	2	3	115	4	41033_1_4_3	5	41032_1_4_4	0	0.0
2034	2	3	135	4	41033_1_4_2	6	41032_1_4_3	0	0.0
2035	2	3	115	5	41033_1_4_3	6	41032_1_4_4	0	0.0
2036	2	3	135	5	41033_1_4_2	1	41032_1_4_3	0	0.0
2037	2	3	115	6	41033_1_4_3	1	41032_1_4_4	0	0.0
2038	2	3	135	6	41033_1_4_2	2	41032_1_4_3	0	0.0
2039	2	4	8000	0	5_0_1_200	0	0.0	0	0.0
2040	2	4	123	1	41033_1_4_3	2	41032_1_4_4	0	0.0
2041	2	4	140	1	41033_1_4_2	3	41032_1_4_3	0	0.0
2042	2	4	124	2	41033_1_4_3	3	41032_1_4_4	0	0.0
2043	2	4	140	2	41033_1_4_2	4	41032_1_4_3	0	0.0
2044	2	4	123	3	41033_1_4_3	4	41032_1_4_4	0	0.0
2045	2	4	140	3	41033_1_4_2	5	41032_1_4_3	0	0.0
2046	2	4	123	4	41033_1_4_3	5	41032_1_4_4	0	0.0
2047	2	4	140	4	41033_1_4_2	6	41032_1_4_3	0	0.0
2048	2	4	123	5	41033_1_4_3	6	41032_1_4_4	0	0.0
2049	2	4	140	5	41033_1_4_2	1	41032_1_4_3	0	0.0
2050	2	4	124	6	41033_1_4_3	1	41032_1_4_4	0	0.0
2051	2	4	140	6	41033_1_4_2	2	41032_1_4_3	0	0.0
2052	2	4	70	1	41034_1_4_1	6	41034_1_4_1	0	5_0_1_2000
2053	2	4	70	2	41034_1_4_1	5	41034_1_4_1	0	5_0_1_2000
2054	2	4	70	3	41034_1_4_1	4	41034_1_4_1	0	5_0_1_2000
2055	2	4	70	4	41034_1_4_1	3	41034_1_4_1	0	5_0_1_2000
2056	2	4	70	5	41034_1_4_1	2	41034_1_4_1	0	5_0_1_2000
2057	2	4	70	6	41034_1_4_1	1	41034_1_4_1	0	5_0_1_2000
3000	3	1	9500	0	5_0_1_200	0	0.0	0	0.0
3001	3	1	38	1	41002_1_1_3	2	41001_1_0_4	0	0.0
3002	3	1	45	1	41002_1_1_2	3	41001_1_0_3	0	0.0
3003	3	1	38	2	41002_1_1_3	3	41001_1_0_4	0	0.0
3004	3	1	45	2	41002_1_1_2	4	41001_1_0_3	0	0.0
3005	3	1	38	3	41002_1_1_3	4	41001_1_0_4	0	0.0
3006	3	1	45	3	41002_1_1_2	5	41001_1_0_3	0	0.0
3007	3	1	38	4	41002_1_1_3	5	41001_1_0_4	0	0.0
3008	3	1	45	4	41002_1_1_2	6	41001_1_0_3	0	0.0
3009	3	1	38	5	41002_1_1_3	6	41001_1_0_4	0	0.0
3010	3	1	46	5	41002_1_1_2	1	41001_1_0_3	0	0.0
3011	3	1	38	6	41002_1_1_3	1	41001_1_0_4	0	0.0
3012	3	1	46	6	41002_1_1_2	2	41001_1_0_3	0	0.0
3013	3	2	9000	0	5_0_1_200	0	0.0	0	0.0
3014	3	2	75	1	41002_1_1_3	2	41001_1_0_4	0	0.0
3015	3	2	92	1	41002_1_1_2	3	41001_1_0_3	0	0.0
3016	3	2	75	2	41002_1_1_3	3	41001_1_0_4	0	0.0
3017	3	2	92	2	41002_1_1_2	4	41001_1_0_3	0	0.0
3018	3	2	75	3	41002_1_1_3	4	41001_1_0_4	0	0.0
3019	3	2	92	3	41002_1_1_2	5	41001_1_0_3	0	0.0
3020	3	2	75	4	41002_1_1_3	5	41001_1_0_4	0	0.0
3021	3	2	92	4	41002_1_1_2	6	41001_1_0_3	0	0.0
3022	3	2	75	5	41002_1_1_3	6	41001_1_0_4	0	0.0
3023	3	2	91	5	41002_1_1_2	1	41001_1_0_3	0	0.0
3024	3	2	75	6	41002_1_1_3	1	41001_1_0_4	0	0.0
3025	3	2	91	6	41002_1_1_2	2	41001_1_0_3	0	0.0
3026	3	3	8500	0	5_0_1_200	0	0.0	0	0.0
3027	3	3	115	1	41002_1_1_3	2	41001_1_0_4	0	0.0
3028	3	3	135	1	41002_1_1_2	3	41001_1_0_3	0	0.0
3029	3	3	115	2	41002_1_1_3	3	41001_1_0_4	0	0.0
3030	3	3	135	2	41002_1_1_2	4	41001_1_0_3	0	0.0
3031	3	3	115	3	41002_1_1_3	4	41001_1_0_4	0	0.0
3032	3	3	135	3	41002_1_1_2	5	41001_1_0_3	0	0.0
3033	3	3	115	4	41002_1_1_3	5	41001_1_0_4	0	0.0
3034	3	3	135	4	41002_1_1_2	6	41001_1_0_3	0	0.0
3035	3	3	115	5	41002_1_1_3	6	41001_1_0_4	0	0.0
3036	3	3	135	5	41002_1_1_2	1	41001_1_0_3	0	0.0
3037	3	3	115	6	41002_1_1_3	1	41001_1_0_4	0	0.0
3038	3	3	135	6	41002_1_1_2	2	41001_1_0_3	0	0.0
3039	3	4	8000	0	5_0_1_200	0	0.0	0	0.0
3040	3	4	123	1	41002_1_1_3	2	41001_1_0_4	0	0.0
3041	3	4	140	1	41002_1_1_2	3	41001_1_0_3	0	0.0
3042	3	4	124	2	41002_1_1_3	3	41001_1_0_4	0	0.0
3043	3	4	140	2	41002_1_1_2	4	41001_1_0_3	0	0.0
3044	3	4	123	3	41002_1_1_3	4	41001_1_0_4	0	0.0
3045	3	4	140	3	41002_1_1_2	5	41001_1_0_3	0	0.0
3046	3	4	123	4	41002_1_1_3	5	41001_1_0_4	0	0.0
3047	3	4	140	4	41002_1_1_2	6	41001_1_0_3	0	0.0
3048	3	4	123	5	41002_1_1_3	6	41001_1_0_4	0	0.0
3049	3	4	140	5	41002_1_1_2	1	41001_1_0_3	0	0.0
3050	3	4	124	6	41002_1_1_3	1	41001_1_0_4	0	0.0
3051	3	4	140	6	41002_1_1_2	2	41001_1_0_3	0	0.0
3052	3	4	70	1	41004_1_3_1	6	41004_1_3_1	0	5_0_1_2000
3053	3	4	70	2	41004_1_3_1	5	41004_1_3_1	0	5_0_1_2000
3054	3	4	70	3	41004_1_3_1	4	41004_1_3_1	0	5_0_1_2000
3055	3	4	70	4	41004_1_3_1	3	41004_1_3_1	0	5_0_1_2000
3056	3	4	70	5	41004_1_3_1	2	41004_1_3_1	0	5_0_1_2000
3057	3	4	70	6	41004_1_3_1	1	41004_1_3_1	0	5_0_1_2000
