1	10001	0	2000000	1	10|12|20|21|22|30|33|50|51	0	1	100	0	0	0	0	0
2	10002	0	2000001	1	10|12|20|21|22|30|33|50|51	0	1	100	0	0	0	0	0
3	10001	0	2000002	1	10|12|20|21|22|30|33|50|51	0	1	100	0	0	0	0	0
4	10002	0	2000003	1	10|12|20|21|22|30|33|50|51	0	1	100	0	0	0	0	0
5	10001	0	2000004	1	10|12|20|21|22|30|33|50|51	0	1	100	0	0	0	0	0
6	10002	0	2000005	1	10|12|20|21|22|30|33|50|51	0	1	100	0	0	0	0	0
7	10001	0	2000006	1	10|12|20|21|22|30|33|50|51	0	1	100	0	0	0	0	0
8	10002	0	2000007	1	10|12|20|21|22|30|33|50|51	0	1	100	0	0	0	0	0
9	10001	0	2000008	1	10|12|20|21|22|30|33|50|51	0	1	100	0	0	0	0	0
10	10002	0	2000009	1	10|12|20|21|22|30|33|50|51	0	1	100	0	0	0	0	0
11	10001	0	2000010	1	10|12|20|21|22|30|33|50|51	0	1	100	0	0	0	0	0
12	10002	0	2000011	1	10|12|20|21|22|30|33|50|51	0	1	100	0	0	0	0	0
13	10001	0	2000012	1	10|12|20|21|22|30|33|50|51	0	1	100	0	0	0	0	0
14	10002	0	2000013	1	10|12|20|21|22|30|33|50|51	0	1	100	0	0	0	0	0
15	10001	0	2000014	1	10|12|20|21|22|30|33|50|51	0	1	100	0	0	0	0	0
16	10002	0	2000015	1	10|12|20|21|22|30|33|50|51	0	1	100	0	0	0	0	0
17	10001	0	2000016	1	10|12|20|21|22|30|33|50|51	0	1	100	0	0	0	0	0
18	10002	0	2000017	1	10|12|20|21|22|30|33|50|51	0	1	100	0	0	0	0	0
19	10001	0	2000018	1	10|12|20|21|22|30|33|50|51	0	1	100	0	0	0	0	0
20	10002	0	2000019	1	10|12|20|21|22|30|33|50|51	0	1	100	0	0	0	0	0
21	10001	0	2000020	1	10|12|20|21|22|30|33|50|51	0	1	10	0	0	0	0	0
22	10002	0	2000021	1	10|12|20|21|22|30|33|50|51	0	1	5	0	0	0	0	0
23	10001	0	2000022	1	10|12|20|21|22|30|33|50|51	0	1	10	0	0	0	0	0
24	10002	0	2000023	1	10|12|20|21|22|30|33|50|51	0	1	5	0	0	0	0	0
25	10001	0	2000024	1	10|12|20|21|22|30|33|50|51	0	1	10	0	0	0	0	0
26	10002	0	2000025	1	10|12|20|21|22|30|33|50|51	0	1	5	0	0	0	0	0
27	11001	0	2100000	1	10|12	0	1	100	0	0	0	0	0
28	11001	0	2100001	1	10|12	0	1	100	0	0	0	0	0
29	11001	0	2100002	1	10|12	0	1	100	0	0	0	0	0
30	11001	0	2100003	1	10|12	0	1	100	0	0	0	0	0
31	11001	0	2100004	1	10|12	0	1	100	0	0	0	0	0
32	11001	0	2100005	1	10|12	0	1	100	0	0	0	0	0
33	11001	0	2100006	1	10|12	0	1	100	0	0	0	0	0
34	11001	0	2100007	1	10|12	0	1	100	0	0	0	0	0
35	12001	0	2200000	1	20|21|22	0	1	100	0	0	0	0	0
36	12001	0	2200001	1	20|21|22	0	1	100	0	0	0	0	0
37	12001	0	2200002	1	20|21|22	0	1	100	0	0	0	0	0
38	12001	0	2200003	1	20|21|22	0	1	100	0	0	0	0	0
39	12001	0	2200004	1	20|21|22	0	1	100	0	0	0	0	0
40	12001	0	2200005	1	20|21|22	0	1	100	0	0	0	0	0
41	12001	0	2200006	1	20|21|22	0	1	100	0	0	0	0	0
42	12001	0	2200007	1	20|21|22	0	1	100	0	0	0	0	0
43	15001	0	2500000	1	50|51	0	1	100	0	0	0	0	0
44	15001	0	2500001	1	50|51	0	1	100	0	0	0	0	0
45	15001	0	2500002	1	50|51	0	1	100	0	0	0	0	0
46	15001	0	2500003	1	50|51	0	1	100	0	0	0	0	0
47	15001	0	2500004	1	50|51	0	1	100	0	0	0	0	0
48	15001	0	2500005	1	50|51	0	1	100	0	0	0	0	0
49	15001	0	2500006	1	50|51	0	1	100	0	0	0	0	0
50	15001	0	2500007	1	50|51	0	1	100	0	0	0	0	0
51	13001	0	2300000	1	30|33	0	1	100	0	0	0	0	0
52	13001	0	2300001	1	30|33	0	1	100	0	0	0	0	0
53	13001	0	2300002	1	30|33	0	1	100	0	0	0	0	0
54	13001	0	2300003	1	30|33	0	1	100	0	0	0	0	0
55	13001	0	2300004	1	30|33	0	1	100	0	0	0	0	0
56	13001	0	2300005	1	30|33	0	1	100	0	0	0	0	0
57	13001	0	2300006	1	30|33	0	1	100	0	0	0	0	0
58	13001	0	2300007	1	30|33	0	1	100	0	0	0	0	0
59	20001	1	10001	1	10|12|20|21|22|30|33|50|51	0	0	1	0	0	0	0	0
60	20002	1	10002	1	10|12|20|21|22|30|33|50|51	0	0	1	0	0	0	0	0
61	21001	1	11001	1	10|12	0	0	1	0	0	0	0	0
62	22001	1	12001	1	20|21|22	0	0	1	0	0	0	0	0
63	25001	1	15001	1	50|51	0	0	1	0	0	0	0	0
64	23001	1	13001	1	30|33	0	0	1	0	0	0	0	0
65	1001	1	20001	1	10|12|20|21|22|30|33|50|51	0	1	2700	0	0	0	0	0
66	1001	1	20002	1	10|12|20|21|22|30|33|50|51	0	1	300	0	0	0	0	0
67	1001	1	21001	1	10|12	0	1	900	0	0	0	0	0
68	1001	0	2101003	1	10|12	1	1	50	0	0	0	0	0
69	1001	0	2120000	1	12	1	1	50	0	0	0	0	0
70	1001	1	22001	1	20|21|22	0	1	900	0	0	0	0	0
71	1001	0	2201006	1	20|21|22	1	1	50	0	0	0	0	0
72	1001	0	2210000	1	21	1	1	50	0	0	0	0	0
73	1001	0	2220000	1	22	1	1	50	0	0	0	0	0
74	1001	1	25001	1	50|51	0	1	900	0	0	0	0	0
75	1001	0	2501006	1	50|51	1	1	50	0	0	0	0	0
76	1001	0	2510000	1	51	1	1	50	0	0	0	0	0
77	1001	1	23001	1	30|33	0	1	900	0	0	0	0	0
78	1001	0	2301001	1	30|33	1	1	50	0	0	0	0	0
79	1001	0	2330000	1	33	1	1	50	0	0	0	0	0
80	1002	1	20001	1	10|12|20|21|22|30|33|50|51	0	1	2700	0	0	0	0	0
81	1002	1	20002	1	10|12|20|21|22|30|33|50|51	0	1	300	0	0	0	0	0
82	1002	1	21001	1	10|12	0	1	900	0	0	0	0	0
83	1002	0	2101000	1	10|12	1	1	50	0	0	0	0	0
84	1002	0	2101002	1	10|12	1	1	50	0	0	0	0	0
85	1002	1	22001	1	20|21|22	0	1	900	0	0	0	0	0
86	1002	0	2201000	1	20|21|22	1	1	50	0	0	0	0	0
87	1002	0	2210000	1	21	1	1	50	0	0	0	0	0
88	1002	0	2220000	1	22	1	1	50	0	0	0	0	0
89	1002	1	25001	1	50|51	0	1	900	0	0	0	0	0
90	1002	0	2501000	1	50|51	1	1	50	0	0	0	0	0
91	1002	0	2510000	1	51	1	1	50	0	0	0	0	0
92	1002	1	23001	1	30|33	0	1	900	0	0	0	0	0
93	1002	0	2301003	1	30|33	1	1	50	0	0	0	0	0
94	1002	0	2330000	1	33	1	1	50	0	0	0	0	0
95	1003	1	20001	1	10|12|20|21|22|30|33|50|51	0	1	2700	0	0	0	0	0
96	1003	1	20002	1	10|12|20|21|22|30|33|50|51	0	1	300	0	0	0	0	0
97	1003	1	21001	1	10|12	0	1	900	0	0	0	0	0
98	1003	0	2101004	1	10|12	1	1	40	0	0	0	0	0
99	1003	0	2120002	1	12	1	1	30	0	0	0	0	0
100	1003	0	2120004	1	12	2	1	30	0	0	0	0	0
101	1003	1	22001	1	20|21|22	0	1	900	0	0	0	0	0
102	1003	0	2201001	1	20|21|22	1	1	40	0	0	0	0	0
103	1003	0	2210002	1	21	1	1	30	0	0	0	0	0
104	1003	0	2210000	1	21	2	1	30	0	0	0	0	0
105	1003	0	2220010	1	22	2	1	30	0	0	0	0	0
106	1003	0	2220000	1	22	1	1	30	0	0	0	0	0
107	1003	1	25001	1	50|51	0	1	900	0	0	0	0	0
108	1003	0	2501001	1	50|51	1	1	40	0	0	0	0	0
109	1003	0	2510004	1	51	1	1	30	0	0	0	0	0
110	1003	0	2510002	1	51	2	1	30	0	0	0	0	0
111	1003	1	23001	1	30|33	0	1	900	0	0	0	0	0
112	1003	0	2301005	1	30|33	1	1	40	0	0	0	0	0
113	1003	0	2330002	1	33	1	1	30	0	0	0	0	0
114	1003	0	2330004	1	33	2	1	30	0	0	0	0	0
115	1004	1	20001	1	10|12|20|21|22|30|33|50|51	0	1	2700	0	0	0	0	0
116	1004	1	20002	1	10|12|20|21|22|30|33|50|51	0	1	300	0	0	0	0	0
117	1004	1	21001	1	10|12	0	1	900	0	0	0	0	0
118	1004	0	2101001	1	10|12	1	1	40	0	0	0	0	0
119	1004	0	2120010	1	12	1	1	30	0	0	0	0	0
120	1004	0	2120000	1	12	2	1	30	0	0	0	0	0
121	1004	1	22001	1	20|21|22	0	1	900	0	0	0	0	0
122	1004	0	2201004	1	20|21|22	1	1	40	0	0	0	0	0
123	1004	0	2210006	1	21	1	1	30	0	0	0	0	0
124	1004	0	2210004	1	21	2	1	30	0	0	0	0	0
125	1004	0	2220016	1	22	1	1	30	0	0	0	0	0
126	1004	0	2220006	1	22	2	1	30	0	0	0	0	0
127	1004	1	25001	1	50|51	0	1	900	0	0	0	0	0
128	1004	0	2501004	1	50|51	1	1	40	0	0	0	0	0
129	1004	0	2510008	1	51	1	1	30	0	0	0	0	0
130	1004	0	2510006	1	51	2	1	30	0	0	0	0	0
131	1004	1	23001	1	30|33	0	1	900	0	0	0	0	0
132	1004	0	2301006	1	30|33	1	1	40	0	0	0	0	0
133	1004	0	2330016	1	33	1	1	30	0	0	0	0	0
134	1004	0	2330006	1	33	2	1	30	0	0	0	0	0
135	1005	1	20001	1	10|12|20|21|22|30|33|50|51	0	1	2700	0	0	0	0	0
136	1005	1	20002	1	10|12|20|21|22|30|33|50|51	0	1	300	0	0	0	0	0
137	1005	1	21001	1	10|12	0	1	900	0	0	0	0	0
138	1005	0	2101007	1	10|12	1	1	20	0	0	0	0	0
139	1005	0	2120008	1	12	1	1	20	0	0	0	0	0
140	1005	0	2120006	1	12	2	1	20	0	0	0	0	0
141	1005	0	2120005	1	12	2	1	20	0	0	0	0	0
142	1005	0	2120000	1	12	2	1	20	0	0	0	0	0
143	1005	1	22001	1	20|21|22	0	1	900	0	0	0	0	0
144	1005	0	2201007	1	20|21|22	1	1	20	0	0	0	0	0
145	1005	0	2210010	1	21	1	1	20	0	0	0	0	0
146	1005	0	2210008	1	21	2	1	20	0	0	0	0	0
147	1005	0	2210006	1	21	2	1	20	0	0	0	0	0
148	1005	0	2210003	1	21	2	1	20	0	0	0	0	0
149	1005	0	2220016	1	22	1	1	20	0	0	0	0	0
150	1005	0	2220008	1	22	2	1	20	0	0	0	0	0
151	1005	0	2220010	1	22	2	1	20	0	0	0	0	0
152	1005	0	2220005	1	22	2	1	20	0	0	0	0	0
153	1005	1	25001	1	50|51	0	1	900	0	0	0	0	0
154	1005	0	2501007	1	50|51	1	1	20	0	0	0	0	0
155	1005	0	2510012	1	51	1	1	20	0	0	0	0	0
156	1005	0	2510010	1	51	2	1	20	0	0	0	0	0
157	1005	0	2510008	1	51	2	1	20	0	0	0	0	0
158	1005	0	2510005	1	51	2	1	20	0	0	0	0	0
159	1005	1	23001	1	30|33	0	1	900	0	0	0	0	0
160	1005	0	2330001	1	30|33	1	1	20	0	0	0	0	0
161	1005	0	2330010	1	33	1	1	20	0	0	0	0	0
162	1005	0	2330015	1	33	2	1	20	0	0	0	0	0
163	1005	0	2330002	1	33	2	1	20	0	0	0	0	0
164	1005	0	2330007	1	33	2	1	20	0	0	0	0	0
165	1006	1	20001	1	10|12|20|21|22|30|33|50|51	0	1	2700	0	0	0	0	0
166	1006	1	20002	1	10|12|20|21|22|30|33|50|51	0	1	300	0	0	0	0	0
167	1006	1	21001	1	10|12	0	1	900	0	0	0	0	0
168	1006	0	2101006	1	10|12	1	1	20	0	0	0	0	0
169	1006	0	2120003	1	12	1	1	20	0	0	0	0	0
170	1006	0	2120012	1	12	1	1	20	0	0	0	0	0
171	1006	0	2120010	1	12	2	1	20	0	0	0	0	0
172	1006	0	2120000	1	12	2	1	20	0	0	0	0	0
173	1006	1	22001	1	20|21|22	0	1	900	0	0	0	0	0
174	1006	0	2201003	1	20|21|22	1	1	20	0	0	0	0	0
175	1006	0	2210012	1	21	1	1	20	0	0	0	0	0
176	1006	0	2210006	1	21	1	1	20	0	0	0	0	0
177	1006	0	2210014	1	21	2	1	20	0	0	0	0	0
178	1006	0	2210005	1	21	2	1	20	0	0	0	0	0
179	1006	0	2220012	1	22	1	1	20	0	0	0	0	0
180	1006	0	2220006	1	22	2	1	20	0	0	0	0	0
181	1006	0	2220015	1	22	2	1	20	0	0	0	0	0
182	1006	0	2220005	1	22	2	1	20	0	0	0	0	0
183	1006	1	25001	1	50|51	0	1	900	0	0	0	0	0
184	1006	0	2501003	1	50|51	1	1	20	0	0	0	0	0
185	1006	0	2510014	1	51	1	1	20	0	0	0	0	0
186	1006	0	2510008	1	51	1	1	20	0	0	0	0	0
187	1006	0	2510017	1	51	2	1	20	0	0	0	0	0
188	1006	0	2510018	1	51	2	1	20	0	0	0	0	0
189	1006	1	23001	1	30|33	0	1	900	0	0	0	0	0
190	1006	0	2330017	1	33	1	1	20	0	0	0	0	0
191	1006	0	2330012	1	33	1	1	20	0	0	0	0	0
192	1006	0	2330002	1	33	1	1	20	0	0	0	0	0
193	1006	0	2330005	1	33	2	1	20	0	0	0	0	0
194	1006	0	2330014	1	33	2	1	20	0	0	0	0	0
195	1007	1	20001	1	10|12|20|21|22|30|33|50|51	0	1	2700	0	0	0	0	0
196	1007	1	20002	1	10|12|20|21|22|30|33|50|51	0	1	300	0	0	0	0	0
197	1007	1	21001	1	10|12	0	1	900	0	0	0	0	0
198	1007	0	2101006	1	10|12	1	1	20	0	0	0	0	0
199	1007	0	2120003	1	12	1	1	20	0	0	0	0	0
200	1007	0	2120012	1	12	1	1	20	0	0	0	0	0
201	1007	0	2120010	1	12	2	1	20	0	0	0	0	0
202	1007	0	2120000	1	12	2	1	20	0	0	0	0	0
203	1007	1	22001	1	20|21|22	0	1	900	0	0	0	0	0
204	1007	0	2201003	1	20|21|22	1	1	20	0	0	0	0	0
205	1007	0	2210012	1	21	1	1	20	0	0	0	0	0
206	1007	0	2210006	1	21	1	1	20	0	0	0	0	0
207	1007	0	2210014	1	21	2	1	20	0	0	0	0	0
208	1007	0	2210005	1	21	2	1	20	0	0	0	0	0
209	1007	0	2220012	1	22	1	1	20	0	0	0	0	0
210	1007	0	2220006	1	22	2	1	20	0	0	0	0	0
211	1007	0	2220015	1	22	2	1	20	0	0	0	0	0
212	1007	0	2220005	1	22	2	1	20	0	0	0	0	0
213	1007	1	25001	1	50|51	0	1	900	0	0	0	0	0
214	1007	0	2501003	1	50|51	1	1	20	0	0	0	0	0
215	1007	0	2510014	1	51	1	1	20	0	0	0	0	0
216	1007	0	2510008	1	51	1	1	20	0	0	0	0	0
217	1007	0	2510017	1	51	2	1	20	0	0	0	0	0
218	1007	0	2510018	1	51	2	1	20	0	0	0	0	0
219	1007	1	23001	1	30|33	0	1	900	0	0	0	0	0
220	1007	0	2330017	1	33	1	1	20	0	0	0	0	0
221	1007	0	2330012	1	33	1	1	20	0	0	0	0	0
222	1007	0	2330002	1	33	1	1	20	0	0	0	0	0
223	1007	0	2330005	1	33	2	1	20	0	0	0	0	0
224	1007	0	2330014	1	33	2	1	20	0	0	0	0	0
225	1008	1	20001	1	10|12|20|21|22|30|33|50|51	0	1	2700	0	0	0	0	0
226	1008	1	20002	1	10|12|20|21|22|30|33|50|51	0	1	300	0	0	0	0	0
227	1008	1	21001	1	10|12	0	1	900	0	0	0	0	0
228	1008	0	2101001	1	10|12	1	1	40	0	0	0	0	0
229	1008	0	2120010	1	12	1	1	30	0	0	0	0	0
230	1008	0	2120000	1	12	2	1	30	0	0	0	0	0
231	1008	1	22001	1	20|21|22	0	1	900	0	0	0	0	0
232	1008	0	2201004	1	20|21|22	1	1	40	0	0	0	0	0
233	1008	0	2210006	1	21	1	1	30	0	0	0	0	0
234	1008	0	2210004	1	21	2	1	30	0	0	0	0	0
235	1008	0	2220016	1	22	1	1	30	0	0	0	0	0
236	1008	0	2220006	1	22	2	1	30	0	0	0	0	0
237	1008	1	25001	1	50|51	0	1	900	0	0	0	0	0
238	1008	0	2501004	1	50|51	1	1	40	0	0	0	0	0
239	1008	0	2510008	1	51	1	1	30	0	0	0	0	0
240	1008	0	2510006	1	51	2	1	30	0	0	0	0	0
241	1008	1	23001	1	30|33	0	1	900	0	0	0	0	0
242	1008	0	2301006	1	30|33	1	1	40	0	0	0	0	0
243	1008	0	2330016	1	33	1	1	30	0	0	0	0	0
244	1008	0	2330006	1	33	2	1	30	0	0	0	0	0
