14501	0	14502	1	5	1	100	1000	1	0	0	0,0,0,0	0,0	14501	600000008,20|600000005,20	600000008,50|600000005,150	1
14502	14501	14503	1	5	2	100	1020	1	0	0	0,0,0,0	0,0	14501	600000008,40|600000005,40	600000008,50|600000005,150	1
14503	14502	14504	1	5	3	100	1040	1	0	0	0,0,0,0	0,0	14501	600000008,60|600000005,60	600000008,50|600000005,150	1
14504	14503	14505	1	5	4	100	1060	1	0	0	0,0,0,0	0,0	14501	600000008,80|600000005,80	600000008,50|600000005,150	1
14505	14504	14601	1	5	5	100	1080	1	0	0	0,0,0,0	0,0	14501	600000008,300|600000005,100	600000008,50|600000005,150	1
14601	14505	14602	1	4	1	100	1100	1	0	0	0,0,0,0	0,0	14601	600000008,120|600000005,120	600000008,50|600000005,150	1
14602	14601	14603	1	4	2	100	1120	1	0	0	0,0,0,0	0,0	14601	600000008,140|600000005,140	600000008,50|600000005,150	1
14603	14602	14604	1	4	3	100	1140	1	0	0	0,0,0,0	0,0	14601	600000008,140|600000005,140	600000008,50|600000005,150	1
14604	14603	14605	1	4	4	100	1160	1	0	0	0,0,0,0	0,0	14601	600000008,140|600000005,140	600000008,50|600000005,150	1
14605	14604	14701	1	4	5	100	1180	1	0	0	0,0,0,0	0,0	14601	600000008,140|600000005,141	600000008,50|600000005,150	1
14701	14605	14702	1	3	1	100	1200	1	0	0	0,0,0,0	0,0	14701	600000008,140|600000005,142	600000008,50|600000005,150	1
14702	14701	14703	1	3	2	100	1220	1	0	0	0,0,0,0	0,0	14701	600000008,140|600000005,143	600000008,50|600000005,150	1
14703	14702	14704	1	3	3	100	1240	1	0	0	0,0,0,0	0,0	14701	600000008,140|600000005,144	600000008,50|600000005,150	1
14704	14703	14705	1	3	4	100	1260	1	0	0	0,0,0,0	0,0	14701	600000008,140|600000005,145	600000008,50|600000005,150	1
14705	14704	14801	1	3	5	100	1280	1	0	0	0,0,0,0	0,0	14701	600000008,140|600000005,146	600000008,50|600000005,150	1
14801	14705	14802	1	2	1	100	1300	1	0	0	0,0,0,0	0,0	14801	600000008,140|600000005,147	600000008,50|600000005,150	1
14802	14801	14803	1	2	2	100	1320	1	0	0	0,0,0,0	0,0	14801	600000008,140|600000005,148	600000008,50|600000005,150	1
14803	14802	14804	1	2	3	100	1340	1	0	0	0,0,0,0	0,0	14801	600000008,140|600000005,149	600000008,50|600000005,150	1
14804	14803	14805	1	2	4	100	1360	1	0	0	0,0,0,0	0,0	14801	600000008,140|600000005,150	600000008,50|600000005,150	1
14805	14804	14901	1	2	5	100	1380	1	0	0	0,0,0,0	0,0	14801	600000008,140|600000005,151	600000008,50|600000005,150	1
14901	14805	14902	1	1	1	100	1400	1	0	0	0,0,0,0	0,0	14901	600000008,140|600000005,152	600000008,50|600000005,150	1
14902	14901	14903	1	1	2	100	1420	1	0	0	0,0,0,0	0,0	14901	600000008,140|600000005,153	600000008,50|600000005,150	1
14903	14902	14904	1	1	3	100	1440	1	0	0	0,0,0,0	0,0	14901	600000008,140|600000005,154	600000008,50|600000005,150	1
14904	14903	14905	1	1	4	100	1460	1	0	0	0,0,0,0	0,0	14901	600000008,140|600000005,155	600000008,50|600000005,150	1
14905	14904	24501	1	1	5	100	1480	1	0	0	0,0,0,0	0,0	14901	600000008,140|600000005,156	600000008,50|600000005,150	1
24501	14905	24502	2	5	1	100	1500	1	0	0	0,0,0,0	0,0	14901	600000008,140|600000005,157	600000008,100|600000005,250	2
24502	24501	24503	2	5	2	100	1520	1	0	0	0,0,0,0	0,0	14901	600000008,140|600000005,158	600000008,100|600000005,250	2
24503	24502	24504	2	5	3	100	1540	1	0	0	0,0,0,0	0,0	14901	600000008,140|600000005,159	600000008,100|600000005,250	2
24504	24503	24505	2	5	4	100	1560	1	0	0	0,0,0,0	0,0	14901	600000008,140|600000005,160	600000008,100|600000005,250	2
24505	24504	24601	2	5	5	100	1580	1	0	0	0,0,0,0	0,0	14901	600000008,140|600000005,161	600000008,100|600000005,250	2
24601	24505	24602	2	4	1	100	1600	1	0	0	0,0,0,0	0,0	24501	600000008,140|600000005,162	600000008,100|600000005,250	2
24602	24601	24603	2	4	2	100	1620	1	0	0	0,0,0,0	0,0	24501	600000008,140|600000005,163	600000008,100|600000005,250	2
24603	24602	24604	2	4	3	100	1640	1	0	0	0,0,0,0	0,0	24501	600000008,140|600000005,164	600000008,100|600000005,250	2
24604	24603	24605	2	4	4	100	1660	1	0	0	0,0,0,0	0,0	24501	600000008,140|600000005,165	600000008,100|600000005,250	2
24605	24604	24701	2	4	5	100	1680	1	0	0	0,0,0,0	0,0	24501	600000008,140|600000005,166	600000008,100|600000005,250	2
24701	24605	24702	2	3	1	100	1700	1	0	0	0,0,0,0	0,0	24501	600000008,140|600000005,167	600000008,100|600000005,250	2
24702	24701	24703	2	3	2	100	1720	1	0	0	0,0,0,0	0,0	24501	600000008,140|600000005,168	600000008,100|600000005,250	2
24703	24702	24704	2	3	3	100	1740	1	0	0	0,0,0,0	0,0	24501	600000008,140|600000005,169	600000008,100|600000005,250	2
24704	24703	24705	2	3	4	100	1760	1	0	0	0,0,0,0	0,0	24501	600000008,140|600000005,170	600000008,100|600000005,250	2
24705	24704	24801	2	3	5	100	1780	1	0	0	0,0,0,0	0,0	24501	600000008,140|600000005,171	600000008,100|600000005,250	2
24801	24705	24802	2	2	1	100	1800	1	0	0	0,0,0,0	0,0	24601	600000008,140|600000005,172	600000008,100|600000005,250	2
24802	24801	24803	2	2	2	100	1820	1	0	0	0,0,0,0	0,0	24601	600000008,140|600000005,173	600000008,100|600000005,250	2
24803	24802	24804	2	2	3	100	1840	1	0	0	0,0,0,0	0,0	24601	600000008,140|600000005,174	600000008,100|600000005,250	2
24804	24803	24805	2	2	4	100	1860	1	0	0	0,0,0,0	0,0	24601	600000008,140|600000005,175	600000008,100|600000005,250	2
24805	24804	24901	2	2	5	100	1880	1	0	0	0,0,0,0	0,0	24601	600000008,140|600000005,176	600000008,100|600000005,250	2
24901	24805	24902	2	1	1	100	1900	1	0	0	0,0,0,0	0,0	24601	600000008,140|600000005,177	600000008,100|600000005,250	2
24902	24901	24903	2	1	2	100	1920	1	0	0	0,0,0,0	0,0	24601	600000008,140|600000005,178	600000008,100|600000005,250	2
24903	24902	24904	2	1	3	100	1940	1	0	0	0,0,0,0	0,0	24601	600000008,140|600000005,179	600000008,100|600000005,250	2
24904	24903	24905	2	1	4	100	1960	1	0	0	0,0,0,0	0,0	24601	600000008,140|600000005,180	600000008,100|600000005,250	2
24905	24904	34501	2	1	5	100	1980	1	0	0	0,0,0,0	0,0	24601	600000008,140|600000005,181	600000008,100|600000005,250	2
34501	24905	34502	3	5	1	100	2000	1	1	0	0,0,0,0	0,0	24701	600000008,140|600000005,187	600000008,200|600000005,400|130193049,1	3
34502	34501	34503	3	5	2	100	2020	1	1	0	0,0,0,0	0,0	24701	600000008,140|600000005,188	600000008,200|600000005,400|130193049,1	3
34503	34502	34504	3	5	3	100	2040	1	1	0	0,0,0,0	0,0	24701	600000008,140|600000005,189	600000008,200|600000005,400|130193049,1	3
34504	34503	34505	3	5	4	100	2060	1	1	0	0,0,0,0	0,0	24701	600000008,140|600000005,190	600000008,200|600000005,400|130193049,1	3
34505	34504	34601	3	5	5	100	2080	1	1	0	0,0,0,0	0,0	24701	600000008,140|600000005,191	600000008,200|600000005,400|130193049,1	3
34601	34505	34602	3	4	1	100	2100	1	1	0	0,0,0,0	0,0	24801	600000008,140|600000005,192	600000008,200|600000005,400|130193049,1	3
34602	34601	34603	3	4	2	100	2120	1	1	0	0,0,0,0	0,0	24801	600000008,140|600000005,193	600000008,200|600000005,400|130193049,1	3
34603	34602	34604	3	4	3	100	2140	1	1	0	0,0,0,0	0,0	24801	600000008,140|600000005,194	600000008,200|600000005,400|130193049,1	3
34604	34603	34605	3	4	4	100	2160	1	1	0	0,0,0,0	0,0	24801	600000008,140|600000005,195	600000008,200|600000005,400|130193049,1	3
34605	34604	34701	3	4	5	100	2180	1	1	0	0,0,0,0	0,0	24801	600000008,140|600000005,196	600000008,200|600000005,400|130193049,1	3
34701	34605	34702	3	3	1	100	2200	1	1	0	0,0,0,0	0,0	24801	600000008,140|600000005,197	600000008,200|600000005,400|130193049,1	3
34702	34701	34703	3	3	2	100	2220	1	1	0	0,0,0,0	0,0	24801	600000008,140|600000005,198	600000008,200|600000005,400|130193049,1	3
34703	34702	34704	3	3	3	100	2240	1	1	0	0,0,0,0	0,0	24801	600000008,140|600000005,199	600000008,200|600000005,400|130193049,1	3
34704	34703	34705	3	3	4	100	2260	1	1	0	0,0,0,0	0,0	24801	600000008,140|600000005,200	600000008,200|600000005,400|130193049,1	3
34705	34704	34801	3	3	5	100	2280	1	1	0	0,0,0,0	0,0	24801	600000008,140|600000005,201	600000008,200|600000005,400|130193049,1	3
34801	34705	34802	3	2	1	100	2300	1	1	0	0,0,0,0	0,0	24901	600000008,140|600000005,202	600000008,200|600000005,400|130193049,1	3
34802	34801	34803	3	2	2	100	2320	1	1	0	0,0,0,0	0,0	24901	600000008,140|600000005,203	600000008,200|600000005,400|130193049,1	3
34803	34802	34804	3	2	3	100	2340	1	1	0	0,0,0,0	0,0	24901	600000008,140|600000005,204	600000008,200|600000005,400|130193049,1	3
34804	34803	34805	3	2	4	100	2360	1	1	0	0,0,0,0	0,0	24901	600000008,140|600000005,205	600000008,200|600000005,400|130193049,1	3
34805	34804	34901	3	2	5	100	2380	1	1	0	0,0,0,0	0,0	24901	600000008,140|600000005,206	600000008,200|600000005,400|130193049,1	3
34901	34805	34902	3	1	1	100	2400	1	1	0	0,0,0,0	0,0	24901	600000008,140|600000005,207	600000008,200|600000005,400|130193049,1	3
34902	34901	34903	3	1	2	100	2420	1	1	0	0,0,0,0	0,0	24901	600000008,140|600000005,208	600000008,200|600000005,400|130193049,1	3
34903	34902	34904	3	1	3	100	2440	1	1	0	0,0,0,0	0,0	24901	600000008,140|600000005,209	600000008,200|600000005,400|130193049,1	3
34904	34903	34905	3	1	4	100	2460	1	1	0	0,0,0,0	0,0	24901	600000008,140|600000005,210	600000008,200|600000005,400|130193049,1	3
34905	34904	44501	3	1	5	100	2480	0	1	1	2,5,300,200	0,0	24901	600000008,140|600000005,211	600000008,200|600000005,400|130193049,1	3
44501	34905	44502	4	5	1	150	2500	0	1	0	0,0,0,0	0,0	34501	600000008,140|600000005,217	600000008,300|600000005,600|130193050,1	4
44502	44501	44503	4	5	2	150	2520	0	1	0	0,0,0,0	0,0	34501	600000008,140|600000005,218	600000008,300|600000005,600|130193050,1	4
44503	44502	44504	4	5	3	150	2540	0	1	0	0,0,0,0	0,0	34501	600000008,140|600000005,219	600000008,300|600000005,600|130193050,1	4
44504	44503	44505	4	5	4	150	2560	0	1	0	0,0,0,0	0,0	34501	600000008,140|600000005,220	600000008,300|600000005,600|130193050,1	4
44505	44504	44601	4	5	5	150	2580	0	1	0	0,0,0,0	0,0	34501	600000008,140|600000005,221	600000008,300|600000005,600|130193050,1	4
44601	44505	44602	4	4	1	150	2600	0	1	0	0,0,0,0	0,0	34501	600000008,140|600000005,222	600000008,300|600000005,600|130193050,1	4
44602	44601	44603	4	4	2	150	2620	0	1	0	0,0,0,0	0,0	34501	600000008,140|600000005,223	600000008,300|600000005,600|130193050,1	4
44603	44602	44604	4	4	3	150	2640	0	1	0	0,0,0,0	0,0	34501	600000008,140|600000005,224	600000008,300|600000005,600|130193050,1	4
44604	44603	44605	4	4	4	150	2660	0	1	0	0,0,0,0	0,0	34501	600000008,140|600000005,225	600000008,300|600000005,600|130193050,1	4
44605	44604	44701	4	4	5	150	2680	0	1	0	0,0,0,0	0,0	34501	600000008,140|600000005,226	600000008,300|600000005,600|130193050,1	4
44701	44605	44702	4	3	1	150	2700	0	1	0	0,0,0,0	0,0	34501	600000008,140|600000005,227	600000008,300|600000005,600|130193050,1	4
44702	44701	44703	4	3	2	150	2720	0	1	0	0,0,0,0	0,0	34501	600000008,140|600000005,228	600000008,300|600000005,600|130193050,1	4
44703	44702	44704	4	3	3	150	2740	0	1	0	0,0,0,0	0,0	34501	600000008,140|600000005,229	600000008,300|600000005,600|130193050,1	4
44704	44703	44705	4	3	4	150	2760	0	1	0	0,0,0,0	0,0	34501	600000008,140|600000005,230	600000008,300|600000005,600|130193050,1	4
44705	44704	44801	4	3	5	150	2780	0	1	0	0,0,0,0	0,0	34501	600000008,140|600000005,231	600000008,300|600000005,600|130193050,1	4
44801	44705	44802	4	2	1	150	2800	0	1	0	0,0,0,0	0,0	34601	600000008,140|600000005,232	600000008,300|600000005,600|130193050,1	4
44802	44801	44803	4	2	2	150	2820	0	1	0	0,0,0,0	0,0	34601	600000008,140|600000005,233	600000008,300|600000005,600|130193050,1	4
44803	44802	44804	4	2	3	150	2840	0	1	0	0,0,0,0	0,0	34601	600000008,140|600000005,234	600000008,300|600000005,600|130193050,1	4
44804	44803	44805	4	2	4	150	2860	0	1	0	0,0,0,0	0,0	34601	600000008,140|600000005,235	600000008,300|600000005,600|130193050,1	4
44805	44804	44901	4	2	5	150	2880	0	1	0	0,0,0,0	0,0	34601	600000008,140|600000005,236	600000008,300|600000005,600|130193050,1	4
44901	44805	44902	4	1	1	150	2900	0	1	0	0,0,0,0	0,0	34601	600000008,140|600000005,237	600000008,300|600000005,600|130193050,1	4
44902	44901	44903	4	1	2	150	2920	0	1	0	0,0,0,0	0,0	34601	600000008,140|600000005,238	600000008,300|600000005,600|130193050,1	4
44903	44902	44904	4	1	3	150	2940	0	1	0	0,0,0,0	0,0	34601	600000008,140|600000005,239	600000008,300|600000005,600|130193050,1	4
44904	44903	44905	4	1	4	150	2960	0	1	0	0,0,0,0	0,0	34601	600000008,140|600000005,240	600000008,300|600000005,600|130193050,1	4
44905	44904	54501	4	1	5	150	2980	0	1	1	3,5,350,200	0,0	34601	600000008,140|600000005,241	600000008,300|600000005,600|130193050,1	4
54501	44905	54502	5	5	1	200	3000	0	1	0	0,0,0,0	0,0	34701	600000008,140|600000005,247	600000008,450|600000005,750|130193051,1	5
54502	54501	54503	5	5	2	200	3020	0	1	0	0,0,0,0	0,0	34701	600000008,140|600000005,248	600000008,450|600000005,750|130193051,1	5
54503	54502	54504	5	5	3	200	3040	0	1	0	0,0,0,0	0,0	34701	600000008,140|600000005,249	600000008,450|600000005,750|130193051,1	5
54504	54503	54505	5	5	4	200	3060	0	1	0	0,0,0,0	0,0	34701	600000008,140|600000005,250	600000008,450|600000005,750|130193051,1	5
54505	54504	54601	5	5	5	200	3080	0	1	0	0,0,0,0	0,0	34701	600000008,140|600000005,251	600000008,450|600000005,750|130193051,1	5
54601	54505	54602	5	4	1	200	3100	0	1	0	0,0,0,0	0,0	34801	600000008,140|600000005,252	600000008,450|600000005,750|130193051,1	5
54602	54601	54603	5	4	2	200	3120	0	1	0	0,0,0,0	0,0	34801	600000008,140|600000005,253	600000008,450|600000005,750|130193051,1	5
54603	54602	54604	5	4	3	200	3140	0	1	0	0,0,0,0	0,0	34801	600000008,140|600000005,254	600000008,450|600000005,750|130193051,1	5
54604	54603	54605	5	4	4	200	3160	0	1	0	0,0,0,0	0,0	34801	600000008,140|600000005,255	600000008,450|600000005,750|130193051,1	5
54605	54604	54701	5	4	5	200	3180	0	1	0	0,0,0,0	0,0	34801	600000008,140|600000005,256	600000008,450|600000005,750|130193051,1	5
54701	54605	54702	5	3	1	200	3200	0	1	0	0,0,0,0	0,0	34801	600000008,140|600000005,257	600000008,450|600000005,750|130193051,1	5
54702	54701	54703	5	3	2	200	3220	0	1	0	0,0,0,0	0,0	34801	600000008,140|600000005,258	600000008,450|600000005,750|130193051,1	5
54703	54702	54704	5	3	3	200	3240	0	1	0	0,0,0,0	0,0	34801	600000008,140|600000005,259	600000008,450|600000005,750|130193051,1	5
54704	54703	54705	5	3	4	200	3260	0	1	0	0,0,0,0	0,0	34801	600000008,140|600000005,260	600000008,450|600000005,750|130193051,1	5
54705	54704	54801	5	3	5	200	3280	0	1	0	0,0,0,0	0,0	34801	600000008,140|600000005,261	600000008,450|600000005,750|130193051,1	5
54801	54705	54802	5	2	1	200	3300	0	1	0	0,0,0,0	0,0	34901	600000008,140|600000005,262	600000008,450|600000005,750|130193051,1	5
54802	54801	54803	5	2	2	200	3320	0	1	0	0,0,0,0	0,0	34901	600000008,140|600000005,263	600000008,450|600000005,750|130193051,1	5
54803	54802	54804	5	2	3	200	3340	0	1	0	0,0,0,0	0,0	34901	600000008,140|600000005,264	600000008,450|600000005,750|130193051,1	5
54804	54803	54805	5	2	4	200	3360	0	1	0	0,0,0,0	0,0	34901	600000008,140|600000005,265	600000008,450|600000005,750|130193051,1	5
54805	54804	54901	5	2	5	200	3380	0	1	0	0,0,0,0	0,0	34901	600000008,140|600000005,266	600000008,450|600000005,750|130193051,1	5
54901	54805	54902	5	1	1	200	3400	0	1	0	0,0,0,0	0,0	34901	600000008,140|600000005,267	600000008,450|600000005,750|130193051,1	5
54902	54901	54903	5	1	2	200	3420	0	1	0	0,0,0,0	0,0	34901	600000008,140|600000005,268	600000008,450|600000005,750|130193051,1	5
54903	54902	54904	5	1	3	200	3440	0	1	0	0,0,0,0	0,0	34901	600000008,140|600000005,269	600000008,450|600000005,750|130193051,1	5
54904	54903	54905	5	1	4	200	3460	0	1	0	0,0,0,0	0,0	34901	600000008,140|600000005,270	600000008,450|600000005,750|130193051,1	5
54905	54904	65000	5	1	5	200	3480	0	1	1	3,5,400,200	0,0	34901	600000008,140|600000005,271	600000008,450|600000005,750|130193051,1	5
65000	54905	0	6	0	0	250	3500	0	1	0	0,0,0,0	0,0	44501	600000008,140|600000005,272	600000008,600|600000005,1000|130193052,1	6
