1	1	84	120	开服五大排行精彩无限，首次充值赠送银河之星—银辉，半年福神6.8折，要加紧哟！
2	13	10000	120	要升级、赚钱、装备、魂念？点击界面右上角【活】按钮，海量活动等你来参加~
3	25	10000	120	玩家太多看不到任务NPC或太卡咋办？按下F9，世界变“干净”啦！再按一下即可恢复。赶紧试一下？
4	37	10000	120	如果人比怪多，快速完成任务的办法是按“D”键开启组队，加入其他玩家队伍或自己创建队伍。
5	49	10000	120	点击左上方【祝福瓶】即可获得经验，又可快速添加志同道合的好友，赶紧试下？
6	61	10000	120	炼魂:可提升角色基础属性值，等级越高属性越多，提升炼魂境界需要消耗一定银贝和魂念。
7	73	10000	120	完成【炎黄目标】相关成就即可获得丰富绑金和道具，千万别错过哦~
8	85	10000	120	右上角的【炎黄福利】每日必点，海量经验和道具等你来拿，赶紧行动！
9	97	10000	120	右上角的设置按钮可以设置各种相关的显示、屏蔽、静音、交互等功能。还可清楚的了解各种功能的快捷键。
10	109	10000	120	按 ~ 键（数字1键左边）选择最近目标或切换当前目标，群体PK时最方便的选择。
