2000	0	0	600000003_920,600000001_113	0	1000	0	0	0	0	1
1000	0	0	600000003_920,600000001_113	0	2002	0	0	0	0	
1500	0	0	600000003_920,600000001_113	0	1001	0	0	0	0	
1901	0	1902	600000007_3000		3000	1	0	0	0	
1902	1901	1903	200110002_1	1	3000	2	0	0	0	
1903	1902	1904	800000035_1		3000	3	0	0	0	
1904	1903	1905	600000006_1		3000	4	0	0	0	
1905	1904	1906	600000005_40	2	3000	5	0	0	0	
1906	1905	1907	600000008_20		3000	6	0	0	0	
1907	1906	1908	300000106_100	3	3000	7	0	0	0	
1908	1907	1909	600000007_5000	4	3000	8	0	0	0	
1909	1908	1910	200110002_2		3000	9	0	0	0	
1910	1909	1911	800000035_1		3000	10	0	0	0	
1911	1910	1912	600000006_1		3000	11	0	0	0	
1912	1911	1913	600000005_60	5	3000	12	0	0	0	
1913	1912	1914	600000008_20		3000	13	0	0	0	
1914	1913	1915	300000106_100	6	3000	14	0	0	0	
1915	1914	1916	600000007_8000	6	3000	15	0	0	0	
1916	1915	1917	200110002_4		3000	16	0	0	0	
1917	1916	1918	800000035_2		3000	17	0	0	0	
1918	1917	1919	600000006_1		3000	18	0	0	0	
1919	1918	1920	600000005_80	7	3000	19	0	0	0	
1920	1919	1921	600000008_20		3000	20	0	0	0	
1921	1920	1922	300000106_100	7	3000	21	0	0	0	
1922	1921	1923	600000007_10000	7	3000	22	0	0	0	
1923	1922	1924	200110002_8		3000	23	0	0	0	
1924	1923	1925	800000035_2		3000	24	0	0	0	
1925	1924	1926	600000006_1		3000	25	0	0	0	
1926	1925	1927	600000005_100	8	3000	26	0	0	0	
1927	1926	1928	600000008_20		3000	27	0	0	0	
1928	1927	1929	300000106_100	8	3000	28	0	0	0	
1929	1928	1930	600000007_20000	8	3000	29	0	0	0	
1930	1929	0	600000008_50		3000	30	0	0	0	
1966	0	0	600000007_1000,800000120_1,130391001_1	0	4000	1	0	0	0	
1950	0	0	600000007_1500,800000108_1	0	4000	1	0	0	0	
1961	0	0	600000007_2000,200012002_4,300000106_20	0	4000	1	0	0	0	
1951	0	0	600000007_2500,200013002_4,300000106_30	0	4000	1	0	0	0	
1962	0	0	600000007_3000,200012003_4,300000106_30	0	4000	1	0	0	0	
1963	0	0	600000007_3500,200013003_4,800000111_1	0	4000	1	0	0	0	
1952	0	0	600000007_4000,200012003_4,200110002_10	0	4000	1	0	0	0	
1964	0	0	600000007_5000,200013003_4,800000110_1	0	4000	1	0	0	0	
1965	0	0	600000007_6000,600000006_1,200110002_10	0	4000	1	0	0	0	
1953	0	0	600000007_7000,600000006_1,200110002_20	0	4000	1	0	0	0	
1954	0	0	600000007_8000,600000006_1,200000002_20	0	4000	1	0	0	0	
1955	0	0	600000007_9000,600000006_1,200000001_20	0	4000	1	0	0	0	
1956	0	0	600000007_10000,600000006_1,200000002_40	0	4000	1	0	0	0	
1957	0	0	600000007_15000,600000006_2,200000001_40	0	4000	1	0	0	0	
1958	0	0	600000007_20000,600000006_2,200000310_1	0	4000	1	0	0	0	
1959	0	0	600000007_25000,600000006_2,200000310_1	0	4000	1	0	0	0	
1967	0	0	600000007_30000,600000006_2,200000321_1	0	4000	1	0	0	0	
2202	0	0	600000006_1	0	5000	1	0	0	0	
2203	0	0	600000007_500	0	5000	1	0	0	0	
2204	0	0	600000008_5	0	5000	1	0	0	0	
2205	0	0	600000007_1000	0	5000	1	0	0	0	
2206	0	0	600000008_10	0	5000	1	0	0	0	
2207	0	0	200110002_2	0	5000	1	0	0	0	
2208	0	0	330000001_1	0	5000	1	0	0	0	
2500	0	0	600000008_100	0	6000	1	0	0	0	
7101	0	0	200012002_5,200013002_5,600000007_3000	0	7100	1	0	0	0	
7102	0	0	800000084_1,600000008_100	0	7100	2	0	0	0	
7111	0	0	600000007_200	0	7100	1	0	0	0	
7112	0	0	600000007_300	0	7100	1	0	0	0	
7113	0	0	600000007_500	0	7100	1	0	0	0	
7114	0	0	600000007_1000	0	7100	1	0	0	0	
7115	0	0	600000007_1500	0	7100	1	0	0	0	
7116	0	0	600000007_2000	0	7100	1	0	0	0	
7117	0	0	600000007_2500	0	7100	1	0	0	0	
7118	0	0	600000007_3000	0	7100	1	0	0	0	
7119	0	0	600000007_4000	0	7100	1	0	0	0	
7161	0	0	600000007_5000	0	7100	1	0	0	0	
7121	0	0	600000008_10	0	7100	1	0	0	0	
7122	0	0	600000008_10	0	7100	1	0	0	0	
7123	0	0	600000008_10	0	7100	1	0	0	0	
7124	0	0	600000008_10	0	7100	1	0	0	0	
7129	0	0	600000005_10	0	7100	1	0	0	0	
7130	0	0	600000005_20	0	7100	1	0	0	0	
7131	0	0	600000005_30	0	7100	1	0	0	0	
7132	0	0	600000005_50	0	7100	1	0	0	0	
7133	0	0	600000005_50	0	7100	1	0	0	0	
7134	0	0	600000005_50	0	7100	1	0	0	0	
7135	0	0	600000005_100	0	7100	1	0	0	0	
7150	0	0	800000122_1	0	7100	1	0	0	0	
7201	0	0	130193060_1	0	7200	1	0	0	0	
7202	0	0	200110002_20,600000008_100	0	7200	2	0	0	0	
7211	0	0	300000106_5	0	7200	1	0	0	0	
7212	0	0	300000106_10	0	7200	1	0	0	0	
7213	0	0	300000106_15	0	7200	1	0	0	0	
7214	0	0	300000106_20	0	7200	1	0	0	0	
7215	0	0	300000106_30	0	7200	1	0	0	0	
7216	0	0	300000106_40	0	7200	1	0	0	0	
7217	0	0	300000106_60	0	7200	1	0	0	0	
7218	0	0	300000106_80	0	7200	1	0	0	0	
7125	0	0	600000008_10	0	7200	1	0	0	0	
7126	0	0	600000008_10	0	7200	1	0	0	0	
7250	0	0	800000096_1	0	7200	1	0	0	0	
7301	0	0	200000002_30,600000006_2	0	7300	1	0	0	0	
7302	0	0	200000002_100,600000008_100	0	7300	2	0	0	0	
7221	0	0	300000106_10	0	7300	1	0	0	0	
7222	0	0	300000106_15	0	7300	1	0	0	0	
7223	0	0	300000106_20	0	7300	1	0	0	0	
7224	0	0	300000106_25	0	7300	1	0	0	0	
7225	0	0	300000106_35	0	7300	1	0	0	0	
7226	0	0	300000106_50	0	7300	1	0	0	0	
7227	0	0	300000106_50	0	7300	1	0	0	0	
7229	0	0	300000106_100	0	7300	1	0	0	0	
7321	0	0	600000007_1000	0	7300	1	0	0	0	
7322	0	0	600000007_2000	0	7300	1	0	0	0	
7323	0	0	600000007_3000	0	7300	1	0	0	0	
7324	0	0	600000007_4000	0	7300	1	0	0	0	
7325	0	0	600000007_5000	0	7300	1	0	0	0	
7326	0	0	600000007_6000	0	7300	1	0	0	0	
7327	0	0	600000007_8000	0	7300	1	0	0	0	
7328	0	0	600000007_10000	0	7300	1	0	0	0	
7329	0	0	600000007_12000	0	7300	1	0	0	0	
7350	0	0	800000123_1	0	7300	1	0	0	0	
7401	0	0	600000008_50	0	7400	1	0	0	0	
7402	0	0	200110002_40,600000008_100	0	7400	1	0	0	0	
7537	0	0	200110002_2	0	7400	1	0	0	0	
7538	0	0	200110002_4	0	7400	1	0	0	0	
7539	0	0	200110002_6	0	7400	1	0	0	0	
7540	0	0	200110002_8	0	7400	1	0	0	0	
7541	0	0	200110002_10	0	7400	1	0	0	0	
7542	0	0	200110002_12	0	7400	1	0	0	0	
7543	0	0	200110002_16	0	7400	1	0	0	0	
7421	0	0	600000007_500,300000106_5	0	7400	1	0	0	0	
7422	0	0	600000007_1000,300000106_10	0	7400	1	0	0	0	
7423	0	0	600000007_2000,300000106_15	0	7400	1	0	0	0	
7424	0	0	600000007_5000,300000106_20	0	7400	1	0	0	0	
7425	0	0	600000007_10000,300000106_100	0	7400	1	0	0	0	
7426	0	0	600000007_2000,300000106_15	0	7400	1	0	0	0	
7427	0	0	600000007_5000,300000106_30	0	7400	1	0	0	0	
7428	0	0	600000007_10000,300000106_50	0	7400	1	0	0	0	
7450	0	0	800000097_1	0	7400	1	0	0	0	
7501	0	0	200000001_30,600000006_2	0	7500	1	0	0	0	
7502	0	0	200000001_100,600000008_200	0	7500	2	0	0	0	
7411	0	0	600000005_20	0	7500	1	0	0	0	
7412	0	0	600000005_20	0	7500	1	0	0	0	
7413	0	0	600000005_30	0	7500	1	0	0	0	
7414	0	0	600000005_30	0	7500	1	0	0	0	
7534	0	0	600000008_10	0	7500	1	0	0	0	
7535	0	0	600000008_20	0	7500	1	0	0	0	
7536	0	0	600000008_30	0	7500	1	0	0	0	
7550	0	0	800000098_1	0	7500	1	0	0	0	
7601	0	0	600000008_50	0	7600	1	0	0	0	
7602	0	0	200000001_100,600000008_200	0	7600	2	0	0	0	
7611	0	0	200000002_10	0	7600	1	0	0	0	
7612	0	0	200000002_10	0	7600	1	0	0	0	
7613	0	0	200000002_10	0	7600	1	0	0	0	
7614	0	0	200000002_10	0	7600	1	0	0	0	
7615	0	0	200000002_10	0	7600	1	0	0	0	
7415	0	0	600000005_50	0	7600	1	0	0	0	
7416	0	0	600000005_50	0	7600	1	0	0	0	
7417	0	0	600000005_50	0	7600	1	0	0	0	
7650	0	0	800000099_1	0	7600	1	0	0	0	
7701	0	0	800000101_1,600000008_50	0	7700	1	0	0	0	
7702	0	0	200000310_1,200000301_1,600000008_200	0	7700	2	0	0	0	
7616	0	0	200000002_20	0	7700	1	0	0	0	
7617	0	0	200000002_20	0	7700	1	0	0	0	
7618	0	0	200000002_20	0	7700	1	0	0	0	
7721	0	0	600000008_30	0	7700	1	0	0	0	
7722	0	0	600000008_30	0	7700	1	0	0	0	
7723	0	0	600000008_30	0	7700	1	0	0	0	
7724	0	0	600000008_30	0	7700	1	0	0	0	
7725	0	0	600000008_30	0	7700	1	0	0	0	
7750	0	0	800000100_1	0	7700	1	0	0	0	
8201	0	0	600000003_1	0	8200	1	0	0	2	
8203	0	0	800000064_1	0	8200	1	0	0	4	
8204	0	0	600000003_1,300001101_1	0	8200	1	0	0	7	
100008201	0	0		0	8200	1	0	0	2	
100008203	0	0		0	8200	1	0	0	4	
100008204	0	0		0	8200	1	0	0	7	
200008201	0	0		0	8200	1	0	0	2	
200008203	0	0		0	8200	1	0	0	4	
200008204	0	0		0	8200	1	0	0	7	
8101	0	0		0	8100	1	0	0	0	
8301	0	0	600000012_1,800000035_3,600000006_10	0	8300					
8401			800000104_1,600000006_5,200001001_30	0	8400					
8402			800000105_1,800000102_1	0	8400					
8403			200000301_1,300000106_200,200110002_20	0	8400					
8404			200000310_1,330000001_30,200000002_100,300000106_500,810000009_1	0	8400					
8405			330000001_30,200000002_100,200110002_100	0	8400					
8407			200000312_1,330000001_60,200000002_100,600000007_300000	0	8400					
8408			200000312_1,200000310_1,330000001_120,200110002_200,600000007_500000	0	8400					
8409			200000322_1,200000310_2,300000106_1000,600000007_500000	0	8400					
8410			200000317_1,200000310_5,300000105_1000,300000106_1000,600000007_1000000	0	8400					
