0	1	10	0	1|0	0|0	0	0	20	0	1|0	0|0	0	0	40	0	1|0	0|0	0	0	90	0	1|0	0|0	0	0	90	0	1|0	0|0	0	0	130	0	1|0	0|0	0	0
1	1	10	0	1|0	0|0	0	0	20	0	1|0	0|0	0	0	40	0	1|0	0|0	0	0	90	0	1|0	0|0	0	0	90	0	1|0	0|0	0	0	130	0	1|0	0|0	0	0
2	1	10	0	2|0	0|0	0	0	20	0	2|0	0|0	0	0	40	0	2|0	0|0	0	0	90	0	2|0	0|0	0	0	90	0	2|0	0|0	0	0	130	0	2|0	0|0	0	0
3	1	10	0	2|0	0|0	0	0	20	0	2|0	0|0	0	0	40	0	2|0	0|0	0	0	90	0	2|0	0|0	0	0	90	0	2|0	0|0	0	0	130	0	2|0	0|0	0	0
4	1	10	0	3|0	0|0	0	0	20	0	3|0	0|0	0	0	40	0	3|0	0|0	0	0	110	0	3|0	0|0	0	0	110	0	3|0	0|0	0	0	160	0	3|0	0|0	0	0
5	1	10	0	3|0	0|0	0	0	30	0	3|0	0|0	0	0	50	0	3|0	0|0	0	0	130	0	3|0	0|0	0	0	130	0	3|0	0|0	0	0	180	0	3|0	0|0	0	0
6	1	10	0	4|0	0|0	0	0	30	0	4|0	0|0	0	0	60	0	4|0	0|0	0	0	140	0	4|0	0|0	0	0	140	0	4|0	0|0	0	0	210	0	4|0	0|0	0	0
7	1	10	0	4|0	0|0	0	0	30	0	4|0	0|0	0	0	60	0	4|0	0|0	0	0	160	0	4|0	0|0	0	0	160	0	4|0	0|0	0	0	230	0	4|0	0|0	0	0
8	1	10	0	5|0	0|0	0	0	40	0	5|0	0|0	0	0	70	0	5|0	0|0	0	0	180	0	5|0	0|0	0	0	180	0	5|0	0|0	0	0	260	0	5|0	0|0	0	0
9	1	10	0	5|0	0|0	0	0	40	0	5|0	0|0	0	0	70	0	5|0	0|0	0	0	180	0	5|0	0|0	0	0	180	0	5|0	0|0	0	0	260	0	5|0	0|0	0	0
10	1	20	10	30|30	6|6	0	0	50	30	30|30	6|6	0	0	90	50	30|30	6|6	0	0	230	120	30|30	6|6	0	0	230	120	30|30	6|6	0	0	330	170	30|30	6|6	0	0
11	1	20	20	60|60	12|12	0	0	50	50	60|60	12|12	0	0	90	90	60|60	12|12	0	0	230	230	60|60	12|12	0	0	230	230	60|60	12|12	0	0	340	340	60|60	12|12	0	0
12	1	20	30	90|90	30|30	0	0	50	80	90|90	30|30	0	0	100	140	90|90	30|30	0	0	240	350	90|90	30|30	0	0	240	350	90|90	30|30	0	0	350	510	90|90	30|30	0	0
13	1	20	40	300|300	60|60	0	0	50	100	300|300	60|60	0	0	100	190	300|300	60|60	0	0	250	480	300|300	60|60	0	0	250	480	300|300	60|60	0	0	360	690	300|300	60|60	0	0
14	1	20	50	400|400	100|100	0	0	50	130	400|400	100|100	0	0	100	240	400|400	100|100	0	0	260	610	400|400	100|100	0	0	260	610	400|400	100|100	0	0	380	880	400|400	100|100	0	0
15	1	20	60	500|500	180|180	0	0	50	150	500|500	180|180	0	0	110	300	500|500	180|180	0	0	270	740	500|500	180|180	0	0	270	740	500|500	180|180	0	0	390	1080	500|500	180|180	0	0
16	1	20	70	750|750	300|300	0	0	60	180	750|750	300|300	0	0	110	350	750|750	300|300	0	0	280	880	750|750	300|300	0	0	280	880	750|750	300|300	0	0	400	1280	750|750	300|300	0	0
17	1	20	80	1000|1000	460|460	0	0	60	210	1000|1000	460|460	0	0	120	410	1000|1000	460|460	0	0	290	1030	1000|1000	460|460	0	0	290	1030	1000|1000	460|460	0	0	420	1490	1000|1000	460|460	0	0
18	1	20	90	1250|1250	660|660	0	0	60	240	1250|1250	660|660	0	0	120	470	1250|1250	660|660	0	0	300	1180	1250|1250	660|660	0	0	300	1180	1250|1250	660|660	0	0	430	1700	1250|1250	660|660	0	0
19	1	20	100	1500|1500	900|900	0	0	60	270	1500|1500	900|900	0	0	120	530	1500|1500	900|900	0	0	310	1330	1500|1500	900|900	0	0	310	1330	1500|1500	900|900	0	0	440	1920	1500|1500	900|900	0	0
0	4	10	0	1|0	0|0	0	0	30	0	1|0	0|0	0	0	70	0	1|0	0|0	0	0	170	0	1|0	0|0	0	0	170	0	1|0	0|0	0	0	240	0	1|0	0|0	0	0
1	4	10	0	1|0	0|0	0	0	30	0	1|0	0|0	0	0	70	0	1|0	0|0	0	0	170	0	1|0	0|0	0	0	170	0	1|0	0|0	0	0	240	0	1|0	0|0	0	0
2	4	10	0	2|0	0|0	0	0	30	0	2|0	0|0	0	0	70	0	2|0	0|0	0	0	170	0	2|0	0|0	0	0	170	0	2|0	0|0	0	0	240	0	2|0	0|0	0	0
3	4	10	0	2|0	0|0	0	0	30	0	2|0	0|0	0	0	70	0	2|0	0|0	0	0	170	0	2|0	0|0	0	0	170	0	2|0	0|0	0	0	240	0	2|0	0|0	0	0
4	4	10	0	3|0	0|0	0	0	40	0	3|0	0|0	0	0	80	0	3|0	0|0	0	0	200	0	3|0	0|0	0	0	200	0	3|0	0|0	0	0	290	0	3|0	0|0	0	0
5	4	20	0	3|0	0|0	0	0	50	0	3|0	0|0	0	0	90	0	3|0	0|0	0	0	230	0	3|0	0|0	0	0	230	0	3|0	0|0	0	0	330	0	3|0	0|0	0	0
6	4	20	0	4|0	0|0	0	0	50	0	4|0	0|0	0	0	110	0	4|0	0|0	0	0	260	0	4|0	0|0	0	0	260	0	4|0	0|0	0	0	380	0	4|0	0|0	0	0
7	4	20	0	4|0	0|0	0	0	60	0	4|0	0|0	0	0	120	0	4|0	0|0	0	0	300	0	4|0	0|0	0	0	300	0	4|0	0|0	0	0	430	0	4|0	0|0	0	0
8	4	20	0	5|0	0|0	0	0	70	0	5|0	0|0	0	0	130	0	5|0	0|0	0	0	330	0	5|0	0|0	0	0	330	0	5|0	0|0	0	0	480	0	5|0	0|0	0	0
9	4	20	0	5|0	0|0	0	0	70	0	5|0	0|0	0	0	130	0	5|0	0|0	0	0	330	0	5|0	0|0	0	0	330	0	5|0	0|0	0	0	480	0	5|0	0|0	0	0
10	4	30	10	30|30	6|6	0	0	80	30	30|30	6|6	0	0	170	50	30|30	6|6	0	0	410	120	30|30	6|6	0	0	410	120	30|30	6|6	0	0	600	170	30|30	6|6	0	0
11	4	30	20	60|60	12|12	0	0	90	50	60|60	12|12	0	0	170	90	60|60	12|12	0	0	430	230	60|60	12|12	0	0	430	230	60|60	12|12	0	0	620	340	60|60	12|12	0	0
12	4	30	30	90|90	30|30	0	0	90	80	90|90	30|30	0	0	180	140	90|90	30|30	0	0	450	350	90|90	30|30	0	0	450	350	90|90	30|30	0	0	640	510	90|90	30|30	0	0
13	4	30	40	300|300	60|60	0	0	90	100	300|300	60|60	0	0	180	190	300|300	60|60	0	0	460	480	300|300	60|60	0	0	460	480	300|300	60|60	0	0	670	690	300|300	60|60	0	0
14	4	30	50	400|400	100|100	0	0	100	130	400|400	100|100	0	0	190	240	400|400	100|100	0	0	480	610	400|400	100|100	0	0	480	610	400|400	100|100	0	0	690	880	400|400	100|100	0	0
15	4	30	60	500|500	180|180	0	0	100	150	500|500	180|180	0	0	200	300	500|500	180|180	0	0	500	740	500|500	180|180	0	0	500	740	500|500	180|180	0	0	710	1080	500|500	180|180	0	0
16	4	30	70	750|750	300|300	0	0	100	180	750|750	300|300	0	0	200	350	750|750	300|300	0	0	510	880	750|750	300|300	0	0	510	880	750|750	300|300	0	0	740	1280	750|750	300|300	0	0
17	4	40	80	1000|1000	460|460	0	0	110	210	1000|1000	460|460	0	0	210	410	1000|1000	460|460	0	0	530	1030	1000|1000	460|460	0	0	530	1030	1000|1000	460|460	0	0	760	1490	1000|1000	460|460	0	0
18	4	40	90	1250|1250	660|660	0	0	110	240	1250|1250	660|660	0	0	220	470	1250|1250	660|660	0	0	540	1180	1250|1250	660|660	0	0	540	1180	1250|1250	660|660	0	0	790	1700	1250|1250	660|660	0	0
19	4	40	100	1500|1500	900|900	0	0	110	270	1500|1500	900|900	0	0	220	530	1500|1500	900|900	0	0	560	1330	1500|1500	900|900	0	0	560	1330	1500|1500	900|900	0	0	810	1920	1500|1500	900|900	0	0
0	5	10	0	1|0	0|0	0	0	30	0	1|0	0|0	0	0	70	0	1|0	0|0	0	0	170	0	1|0	0|0	0	0	170	0	1|0	0|0	0	0	240	0	1|0	0|0	0	0
1	5	10	0	1|0	0|0	0	0	30	0	1|0	0|0	0	0	70	0	1|0	0|0	0	0	170	0	1|0	0|0	0	0	170	0	1|0	0|0	0	0	240	0	1|0	0|0	0	0
2	5	10	0	2|0	0|0	0	0	30	0	2|0	0|0	0	0	70	0	2|0	0|0	0	0	170	0	2|0	0|0	0	0	170	0	2|0	0|0	0	0	240	0	2|0	0|0	0	0
3	5	10	0	2|0	0|0	0	0	30	0	2|0	0|0	0	0	70	0	2|0	0|0	0	0	170	0	2|0	0|0	0	0	170	0	2|0	0|0	0	0	240	0	2|0	0|0	0	0
4	5	10	0	3|0	0|0	0	0	40	0	3|0	0|0	0	0	80	0	3|0	0|0	0	0	200	0	3|0	0|0	0	0	200	0	3|0	0|0	0	0	290	0	3|0	0|0	0	0
5	5	20	0	3|0	0|0	0	0	50	0	3|0	0|0	0	0	90	0	3|0	0|0	0	0	230	0	3|0	0|0	0	0	230	0	3|0	0|0	0	0	330	0	3|0	0|0	0	0
6	5	20	0	4|0	0|0	0	0	50	0	4|0	0|0	0	0	110	0	4|0	0|0	0	0	260	0	4|0	0|0	0	0	260	0	4|0	0|0	0	0	380	0	4|0	0|0	0	0
7	5	20	0	4|0	0|0	0	0	60	0	4|0	0|0	0	0	120	0	4|0	0|0	0	0	300	0	4|0	0|0	0	0	300	0	4|0	0|0	0	0	430	0	4|0	0|0	0	0
8	5	20	0	5|0	0|0	0	0	70	0	5|0	0|0	0	0	130	0	5|0	0|0	0	0	330	0	5|0	0|0	0	0	330	0	5|0	0|0	0	0	480	0	5|0	0|0	0	0
9	5	20	0	5|0	0|0	0	0	70	0	5|0	0|0	0	0	130	0	5|0	0|0	0	0	330	0	5|0	0|0	0	0	330	0	5|0	0|0	0	0	480	0	5|0	0|0	0	0
10	5	30	20	30|30	6|6	0	0	80	40	30|30	6|6	0	0	170	90	30|30	6|6	0	0	410	210	30|30	6|6	0	0	410	210	30|30	6|6	0	0	600	300	30|30	6|6	0	0
11	5	30	30	60|60	12|12	0	0	90	90	60|60	12|12	0	0	170	170	60|60	12|12	0	0	430	420	60|60	12|12	0	0	430	420	60|60	12|12	0	0	620	610	60|60	12|12	0	0
12	5	30	50	90|90	30|30	0	0	90	130	90|90	30|30	0	0	180	260	90|90	30|30	0	0	450	650	90|90	30|30	0	0	450	650	90|90	30|30	0	0	640	930	90|90	30|30	0	0
13	5	30	60	300|300	60|60	0	0	90	180	300|300	60|60	0	0	180	350	300|300	60|60	0	0	460	880	300|300	60|60	0	0	460	880	300|300	60|60	0	0	670	1270	300|300	60|60	0	0
14	5	30	80	400|400	100|100	0	0	100	230	400|400	100|100	0	0	190	450	400|400	100|100	0	0	480	1120	400|400	100|100	0	0	480	1120	400|400	100|100	0	0	690	1610	400|400	100|100	0	0
15	5	30	90	500|500	180|180	0	0	100	280	500|500	180|180	0	0	200	550	500|500	180|180	0	0	500	1370	500|500	180|180	0	0	500	1370	500|500	180|180	0	0	710	1970	500|500	180|180	0	0
16	5	30	110	750|750	300|300	0	0	100	330	750|750	300|300	0	0	200	650	750|750	300|300	0	0	510	1620	750|750	300|300	0	0	510	1620	750|750	300|300	0	0	740	2340	750|750	300|300	0	0
17	5	40	130	1000|1000	460|460	0	0	110	380	1000|1000	460|460	0	0	210	750	1000|1000	460|460	0	0	530	1890	1000|1000	460|460	0	0	530	1890	1000|1000	460|460	0	0	760	2720	1000|1000	460|460	0	0
18	5	40	150	1250|1250	660|660	0	0	110	440	1250|1250	660|660	0	0	220	860	1250|1250	660|660	0	0	540	2160	1250|1250	660|660	0	0	540	2160	1250|1250	660|660	0	0	790	3110	1250|1250	660|660	0	0
19	5	40	170	1500|1500	900|900	0	0	110	490	1500|1500	900|900	0	0	220	970	1500|1500	900|900	0	0	560	2440	1500|1500	900|900	0	0	560	2440	1500|1500	900|900	0	0	810	3520	1500|1500	900|900	0	0
0	9	20	0	1|0	0|0	0	0	50	0	1|0	0|0	0	0	100	0	1|0	0|0	0	0	260	0	1|0	0|0	0	0	260	0	1|0	0|0	0	0	370	0	1|0	0|0	0	0
1	9	20	0	1|0	0|0	0	0	50	0	1|0	0|0	0	0	100	0	1|0	0|0	0	0	260	0	1|0	0|0	0	0	260	0	1|0	0|0	0	0	370	0	1|0	0|0	0	0
2	9	20	0	2|0	0|0	0	0	50	0	2|0	0|0	0	0	100	0	2|0	0|0	0	0	260	0	2|0	0|0	0	0	260	0	2|0	0|0	0	0	370	0	2|0	0|0	0	0
3	9	20	0	2|0	0|0	0	0	50	0	2|0	0|0	0	0	100	0	2|0	0|0	0	0	260	0	2|0	0|0	0	0	260	0	2|0	0|0	0	0	370	0	2|0	0|0	0	0
4	9	20	0	3|0	0|0	0	0	60	0	3|0	0|0	0	0	120	0	3|0	0|0	0	0	310	0	3|0	0|0	0	0	310	0	3|0	0|0	0	0	440	0	3|0	0|0	0	0
5	9	20	0	3|0	0|0	0	0	70	0	3|0	0|0	0	0	140	0	3|0	0|0	0	0	360	0	3|0	0|0	0	0	360	0	3|0	0|0	0	0	510	0	3|0	0|0	0	0
6	9	30	0	4|0	0|0	0	0	80	0	4|0	0|0	0	0	160	0	4|0	0|0	0	0	410	0	4|0	0|0	0	0	410	0	4|0	0|0	0	0	590	0	4|0	0|0	0	0
7	9	30	0	4|0	0|0	0	0	90	0	4|0	0|0	0	0	180	0	4|0	0|0	0	0	460	0	4|0	0|0	0	0	460	0	4|0	0|0	0	0	660	0	4|0	0|0	0	0
8	9	30	0	5|0	0|0	0	0	100	0	5|0	0|0	0	0	200	0	5|0	0|0	0	0	510	0	5|0	0|0	0	0	510	0	5|0	0|0	0	0	730	0	5|0	0|0	0	0
9	9	30	0	5|0	0|0	0	0	100	0	5|0	0|0	0	0	200	0	5|0	0|0	0	0	510	0	5|0	0|0	0	0	510	0	5|0	0|0	0	0	730	0	5|0	0|0	0	0
10	9	40	20	30|30	6|6	0	0	130	40	30|30	6|6	0	0	260	90	30|30	6|6	0	0	640	210	30|30	6|6	0	0	640	210	30|30	6|6	0	0	920	300	30|30	6|6	0	0
11	9	40	30	60|60	12|12	0	0	130	90	60|60	12|12	0	0	270	170	60|60	12|12	0	0	660	420	60|60	12|12	0	0	660	420	60|60	12|12	0	0	950	610	60|60	12|12	0	0
12	9	50	50	90|90	30|30	0	0	140	130	90|90	30|30	0	0	280	260	90|90	30|30	0	0	690	650	90|90	30|30	0	0	690	650	90|90	30|30	0	0	990	930	90|90	30|30	0	0
13	9	50	60	300|300	60|60	0	0	140	180	300|300	60|60	0	0	290	350	300|300	60|60	0	0	710	880	300|300	60|60	0	0	710	880	300|300	60|60	0	0	1030	1270	300|300	60|60	0	0
14	9	50	80	400|400	100|100	0	0	150	230	400|400	100|100	0	0	300	450	400|400	100|100	0	0	740	1120	400|400	100|100	0	0	740	1120	400|400	100|100	0	0	1060	1610	400|400	100|100	0	0
15	9	50	90	500|500	180|180	0	0	150	280	500|500	180|180	0	0	310	550	500|500	180|180	0	0	770	1370	500|500	180|180	0	0	770	1370	500|500	180|180	0	0	1100	1970	500|500	180|180	0	0
16	9	50	110	750|750	300|300	0	0	160	330	750|750	300|300	0	0	320	650	750|750	300|300	0	0	790	1620	750|750	300|300	0	0	790	1620	750|750	300|300	0	0	1140	2340	750|750	300|300	0	0
17	9	50	130	1000|1000	460|460	0	0	160	380	1000|1000	460|460	0	0	330	750	1000|1000	460|460	0	0	820	1890	1000|1000	460|460	0	0	820	1890	1000|1000	460|460	0	0	1170	2720	1000|1000	460|460	0	0
18	9	60	150	1250|1250	660|660	0	0	170	440	1250|1250	660|660	0	0	340	860	1250|1250	660|660	0	0	840	2160	1250|1250	660|660	0	0	840	2160	1250|1250	660|660	0	0	1210	3110	1250|1250	660|660	0	0
19	9	60	170	1500|1500	900|900	0	0	170	490	1500|1500	900|900	0	0	350	970	1500|1500	900|900	0	0	870	2440	1500|1500	900|900	0	0	870	2440	1500|1500	900|900	0	0	1250	3520	1500|1500	900|900	0	0
0	10	20	0	1|0	0|0	0	0	50	0	1|0	0|0	0	0	100	0	1|0	0|0	0	0	260	0	1|0	0|0	0	0	260	0	1|0	0|0	0	0	370	0	1|0	0|0	0	0
1	10	20	0	1|0	0|0	0	0	50	0	1|0	0|0	0	0	100	0	1|0	0|0	0	0	260	0	1|0	0|0	0	0	260	0	1|0	0|0	0	0	370	0	1|0	0|0	0	0
2	10	20	0	2|0	0|0	0	0	50	0	2|0	0|0	0	0	100	0	2|0	0|0	0	0	260	0	2|0	0|0	0	0	260	0	2|0	0|0	0	0	370	0	2|0	0|0	0	0
3	10	20	0	2|0	0|0	0	0	50	0	2|0	0|0	0	0	100	0	2|0	0|0	0	0	260	0	2|0	0|0	0	0	260	0	2|0	0|0	0	0	370	0	2|0	0|0	0	0
4	10	20	0	3|0	0|0	0	0	60	0	3|0	0|0	0	0	120	0	3|0	0|0	0	0	310	0	3|0	0|0	0	0	310	0	3|0	0|0	0	0	440	0	3|0	0|0	0	0
5	10	20	0	3|0	0|0	0	0	70	0	3|0	0|0	0	0	140	0	3|0	0|0	0	0	360	0	3|0	0|0	0	0	360	0	3|0	0|0	0	0	510	0	3|0	0|0	0	0
6	10	30	0	4|0	0|0	0	0	80	0	4|0	0|0	0	0	160	0	4|0	0|0	0	0	410	0	4|0	0|0	0	0	410	0	4|0	0|0	0	0	590	0	4|0	0|0	0	0
7	10	30	0	4|0	0|0	0	0	90	0	4|0	0|0	0	0	180	0	4|0	0|0	0	0	460	0	4|0	0|0	0	0	460	0	4|0	0|0	0	0	660	0	4|0	0|0	0	0
8	10	30	0	5|0	0|0	0	0	100	0	5|0	0|0	0	0	200	0	5|0	0|0	0	0	510	0	5|0	0|0	0	0	510	0	5|0	0|0	0	0	730	0	5|0	0|0	0	0
9	10	30	0	5|0	0|0	0	0	100	0	5|0	0|0	0	0	200	0	5|0	0|0	0	0	510	0	5|0	0|0	0	0	510	0	5|0	0|0	0	0	730	0	5|0	0|0	0	0
10	10	40	20	30|30	6|6	0	0	130	70	30|30	6|6	0	0	260	130	30|30	6|6	0	0	640	320	30|30	6|6	0	0	640	320	30|30	6|6	0	0	920	460	30|30	6|6	0	0
11	10	40	40	60|60	12|12	0	0	130	130	60|60	12|12	0	0	270	270	60|60	12|12	0	0	660	650	60|60	12|12	0	0	660	650	60|60	12|12	0	0	950	940	60|60	12|12	0	0
12	10	50	70	90|90	30|30	0	0	140	200	90|90	30|30	0	0	280	410	90|90	30|30	0	0	690	1000	90|90	30|30	0	0	690	1000	90|90	30|30	0	0	990	1430	90|90	30|30	0	0
13	10	50	90	300|300	60|60	0	0	140	270	300|300	60|60	0	0	290	550	300|300	60|60	0	0	710	1350	300|300	60|60	0	0	710	1350	300|300	60|60	0	0	1030	1950	300|300	60|60	0	0
14	10	50	120	400|400	100|100	0	0	150	350	400|400	100|100	0	0	300	700	400|400	100|100	0	0	740	1720	400|400	100|100	0	0	740	1720	400|400	100|100	0	0	1060	2480	400|400	100|100	0	0
15	10	50	140	500|500	180|180	0	0	150	420	500|500	180|180	0	0	310	860	500|500	180|180	0	0	770	2110	500|500	180|180	0	0	770	2110	500|500	180|180	0	0	1100	3030	500|500	180|180	0	0
16	10	50	170	750|750	300|300	0	0	160	500	750|750	300|300	0	0	320	1020	750|750	300|300	0	0	790	2500	750|750	300|300	0	0	790	2500	750|750	300|300	0	0	1140	3600	750|750	300|300	0	0
17	10	50	190	1000|1000	460|460	0	0	160	580	1000|1000	460|460	0	0	330	1180	1000|1000	460|460	0	0	820	2910	1000|1000	460|460	0	0	820	2910	1000|1000	460|460	0	0	1170	4180	1000|1000	460|460	0	0
18	10	60	220	1250|1250	660|660	0	0	170	670	1250|1250	660|660	0	0	340	1350	1250|1250	660|660	0	0	840	3330	1250|1250	660|660	0	0	840	3330	1250|1250	660|660	0	0	1210	4790	1250|1250	660|660	0	0
19	10	60	250	1500|1500	900|900	0	0	170	750	1500|1500	900|900	0	0	350	1530	1500|1500	900|900	0	0	870	3770	1500|1500	900|900	0	0	870	3770	1500|1500	900|900	0	0	1250	5410	1500|1500	900|900	0	0
0	15	30	0	1|0	0|0	0	0	90	0	1|0	0|0	0	0	170	0	1|0	0|0	0	0	440	0	1|0	0|0	0	0	440	0	1|0	0|0	0	0	630	0	1|0	0|0	0	0
1	15	30	0	1|0	0|0	0	0	90	0	1|0	0|0	0	0	170	0	1|0	0|0	0	0	440	0	1|0	0|0	0	0	440	0	1|0	0|0	0	0	630	0	1|0	0|0	0	0
2	15	30	0	2|0	0|0	0	0	90	0	2|0	0|0	0	0	170	0	2|0	0|0	0	0	440	0	2|0	0|0	0	0	440	0	2|0	0|0	0	0	630	0	2|0	0|0	0	0
3	15	30	0	2|0	0|0	0	0	90	0	2|0	0|0	0	0	170	0	2|0	0|0	0	0	440	0	2|0	0|0	0	0	440	0	2|0	0|0	0	0	630	0	2|0	0|0	0	0
4	15	30	0	3|0	0|0	0	0	100	0	3|0	0|0	0	0	210	0	3|0	0|0	0	0	520	0	3|0	0|0	0	0	520	0	3|0	0|0	0	0	750	0	3|0	0|0	0	0
5	15	40	0	3|0	0|0	0	0	120	0	3|0	0|0	0	0	240	0	3|0	0|0	0	0	610	0	3|0	0|0	0	0	610	0	3|0	0|0	0	0	880	0	3|0	0|0	0	0
6	15	50	0	4|0	0|0	0	0	140	0	4|0	0|0	0	0	280	0	4|0	0|0	0	0	700	0	4|0	0|0	0	0	700	0	4|0	0|0	0	0	1000	0	4|0	0|0	0	0
7	15	50	0	4|0	0|0	0	0	160	0	4|0	0|0	0	0	310	0	4|0	0|0	0	0	780	0	4|0	0|0	0	0	780	0	4|0	0|0	0	0	1130	0	4|0	0|0	0	0
8	15	60	0	5|0	0|0	0	0	170	0	5|0	0|0	0	0	350	0	5|0	0|0	0	0	870	0	5|0	0|0	0	0	870	0	5|0	0|0	0	0	1250	0	5|0	0|0	0	0
9	15	60	0	5|0	0|0	0	0	170	0	5|0	0|0	0	0	350	0	5|0	0|0	0	0	870	0	5|0	0|0	0	0	870	0	5|0	0|0	0	0	1250	0	5|0	0|0	0	0
10	15	70	40	30|30	6|6	0	0	220	110	30|30	6|6	0	0	440	220	30|30	6|6	0	0	1090	550	30|30	6|6	0	0	1090	550	30|30	6|6	0	0	1570	790	30|30	6|6	0	0
11	15	80	80	60|60	12|12	0	0	230	230	60|60	12|12	0	0	450	450	60|60	12|12	0	0	1130	1110	60|60	12|12	0	0	1130	1110	60|60	12|12	0	0	1630	1600	60|60	12|12	0	0
12	15	80	120	90|90	30|30	0	0	230	340	90|90	30|30	0	0	470	680	90|90	30|30	0	0	1170	1700	90|90	30|30	0	0	1170	1700	90|90	30|30	0	0	1690	2450	90|90	30|30	0	0
13	15	80	160	300|300	60|60	0	0	240	460	300|300	60|60	0	0	490	930	300|300	60|60	0	0	1220	2310	300|300	60|60	0	0	1220	2310	300|300	60|60	0	0	1750	3320	300|300	60|60	0	0
14	15	80	200	400|400	100|100	0	0	250	590	400|400	100|100	0	0	500	1180	400|400	100|100	0	0	1260	2940	400|400	100|100	0	0	1260	2940	400|400	100|100	0	0	1820	4230	400|400	100|100	0	0
15	15	90	240	500|500	180|180	0	0	260	720	500|500	180|180	0	0	520	1440	500|500	180|180	0	0	1310	3590	500|500	180|180	0	0	1310	3590	500|500	180|180	0	0	1880	5170	500|500	180|180	0	0
16	15	90	290	750|750	300|300	0	0	270	850	750|750	300|300	0	0	540	1710	750|750	300|300	0	0	1350	4270	750|750	300|300	0	0	1350	4270	750|750	300|300	0	0	1940	6140	750|750	300|300	0	0
17	15	90	330	1000|1000	460|460	0	0	280	990	1000|1000	460|460	0	0	560	1990	1000|1000	460|460	0	0	1390	4960	1000|1000	460|460	0	0	1390	4960	1000|1000	460|460	0	0	2000	7140	1000|1000	460|460	0	0
18	15	100	380	1250|1250	660|660	0	0	290	1140	1250|1250	660|660	0	0	570	2270	1250|1250	660|660	0	0	1440	5680	1250|1250	660|660	0	0	1440	5680	1250|1250	660|660	0	0	2070	8180	1250|1250	660|660	0	0
19	15	100	430	1500|1500	900|900	0	0	300	1290	1500|1500	900|900	0	0	590	2570	1500|1500	900|900	0	0	1480	6420	1500|1500	900|900	0	0	1480	6420	1500|1500	900|900	0	0	2130	9240	1500|1500	900|900	0	0
0	20	60	0	2|0	0|0	0	0	170	0	2|0	0|0	0	0	340	0	2|0	0|0	0	0	860	0	2|0	0|0	0	0	860	0	2|0	0|0	0	0	1230	0	2|0	0|0	0	0
1	20	60	0	2|0	0|0	0	0	170	0	2|0	0|0	0	0	340	0	2|0	0|0	0	0	860	0	2|0	0|0	0	0	860	0	2|0	0|0	0	0	1230	0	2|0	0|0	0	0
2	20	60	0	3|0	0|0	0	0	170	0	3|0	0|0	0	0	340	0	3|0	0|0	0	0	860	0	3|0	0|0	0	0	860	0	3|0	0|0	0	0	1230	0	3|0	0|0	0	0
3	20	60	0	3|0	0|0	0	0	170	0	3|0	0|0	0	0	340	0	3|0	0|0	0	0	860	0	3|0	0|0	0	0	860	0	3|0	0|0	0	0	1230	0	3|0	0|0	0	0
4	20	70	0	5|0	0|0	0	0	210	0	5|0	0|0	0	0	410	0	5|0	0|0	0	0	1030	0	5|0	0|0	0	0	1030	0	5|0	0|0	0	0	1480	0	5|0	0|0	0	0
5	20	80	0	5|0	0|0	0	0	240	0	5|0	0|0	0	0	480	0	5|0	0|0	0	0	1200	0	5|0	0|0	0	0	1200	0	5|0	0|0	0	0	1720	0	5|0	0|0	0	0
6	20	90	0	6|0	0|0	0	0	270	0	6|0	0|0	0	0	550	0	6|0	0|0	0	0	1370	0	6|0	0|0	0	0	1370	0	6|0	0|0	0	0	1970	0	6|0	0|0	0	0
7	20	100	0	6|0	0|0	0	0	310	0	6|0	0|0	0	0	620	0	6|0	0|0	0	0	1540	0	6|0	0|0	0	0	1540	0	6|0	0|0	0	0	2220	0	6|0	0|0	0	0
8	20	110	0	8|0	0|0	0	0	340	0	8|0	0|0	0	0	680	0	8|0	0|0	0	0	1710	0	8|0	0|0	0	0	1710	0	8|0	0|0	0	0	2460	0	8|0	0|0	0	0
9	20	110	0	8|0	0|0	0	0	340	0	8|0	0|0	0	0	680	0	8|0	0|0	0	0	1710	0	8|0	0|0	0	0	1710	0	8|0	0|0	0	0	2460	0	8|0	0|0	0	0
10	20	140	70	45|45	9|9	0	0	430	220	45|45	9|9	0	0	860	430	45|45	9|9	0	0	2140	1070	45|45	9|9	0	0	2140	1070	45|45	9|9	0	0	3080	1540	45|45	9|9	0	0
11	20	150	150	90|90	18|18	0	0	440	440	90|90	18|18	0	0	890	880	90|90	18|18	0	0	2220	2180	90|90	18|18	0	0	2220	2180	90|90	18|18	0	0	3200	3140	90|90	18|18	0	0
12	20	150	220	135|135	45|45	0	0	460	670	135|135	45|45	0	0	920	1340	135|135	45|45	0	0	2310	3340	135|135	45|45	0	0	2310	3340	135|135	45|45	0	0	3320	4800	135|135	45|45	0	0
13	20	160	300	450|450	90|90	0	0	480	910	450|450	90|90	0	0	960	1820	450|450	90|90	0	0	2390	4530	450|450	90|90	0	0	2390	4530	450|450	90|90	0	0	3450	6530	450|450	90|90	0	0
14	20	170	390	600|600	150|150	0	0	500	1160	600|600	150|150	0	0	990	2310	600|600	150|150	0	0	2480	5770	600|600	150|150	0	0	2480	5770	600|600	150|150	0	0	3570	8310	600|600	150|150	0	0
15	20	170	470	750|750	270|270	0	0	510	1410	750|750	270|270	0	0	1030	2830	750|750	270|270	0	0	2570	7060	750|750	270|270	0	0	2570	7060	750|750	270|270	0	0	3690	10160	750|750	270|270	0	0
16	20	180	560	1125|1125	450|450	0	0	530	1680	1125|1125	450|450	0	0	1060	3360	1125|1125	450|450	0	0	2650	8380	1125|1125	450|450	0	0	2650	8380	1125|1125	450|450	0	0	3820	12070	1125|1125	450|450	0	0
17	20	180	650	1500|1500	690|690	0	0	550	1950	1500|1500	690|690	0	0	1090	3900	1500|1500	690|690	0	0	2740	9750	1500|1500	690|690	0	0	2740	9750	1500|1500	690|690	0	0	3940	14040	1500|1500	690|690	0	0
18	20	190	750	1875|1875	990|990	0	0	560	2230	1875|1875	990|990	0	0	1130	4470	1875|1875	990|990	0	0	2820	11160	1875|1875	990|990	0	0	2820	11160	1875|1875	990|990	0	0	4060	16070	1875|1875	990|990	0	0
19	20	190	840	2250|2250	1350|1350	0	0	580	2520	2250|2250	1350|1350	0	0	1160	5050	2250|2250	1350|1350	0	0	2910	12620	2250|2250	1350|1350	0	0	2910	12620	2250|2250	1350|1350	0	0	4190	18160	2250|2250	1350|1350	0	0
0	25	100	0	2|0	0|0	0	0	290	0	2|0	0|0	0	0	590	0	2|0	0|0	0	0	1470	0	2|0	0|0	0	0	1470	0	2|0	0|0	0	0	2120	0	2|0	0|0	0	0
1	25	100	0	2|0	0|0	0	0	290	0	2|0	0|0	0	0	590	0	2|0	0|0	0	0	1470	0	2|0	0|0	0	0	1470	0	2|0	0|0	0	0	2120	0	2|0	0|0	0	0
2	25	100	0	4|0	0|0	0	0	290	0	4|0	0|0	0	0	590	0	4|0	0|0	0	0	1470	0	4|0	0|0	0	0	1470	0	4|0	0|0	0	0	2120	0	4|0	0|0	0	0
3	25	100	0	4|0	0|0	0	0	290	0	4|0	0|0	0	0	590	0	4|0	0|0	0	0	1470	0	4|0	0|0	0	0	1470	0	4|0	0|0	0	0	2120	0	4|0	0|0	0	0
4	25	120	0	6|0	0|0	0	0	350	0	6|0	0|0	0	0	710	0	6|0	0|0	0	0	1760	0	6|0	0|0	0	0	1760	0	6|0	0|0	0	0	2540	0	6|0	0|0	0	0
5	25	140	0	6|0	0|0	0	0	410	0	6|0	0|0	0	0	820	0	6|0	0|0	0	0	2060	0	6|0	0|0	0	0	2060	0	6|0	0|0	0	0	2960	0	6|0	0|0	0	0
6	25	160	0	8|0	0|0	0	0	470	0	8|0	0|0	0	0	940	0	8|0	0|0	0	0	2350	0	8|0	0|0	0	0	2350	0	8|0	0|0	0	0	3390	0	8|0	0|0	0	0
7	25	180	0	8|0	0|0	0	0	530	0	8|0	0|0	0	0	1060	0	8|0	0|0	0	0	2650	0	8|0	0|0	0	0	2650	0	8|0	0|0	0	0	3810	0	8|0	0|0	0	0
8	25	200	0	10|0	0|0	0	0	590	0	10|0	0|0	0	0	1180	0	10|0	0|0	0	0	2940	0	10|0	0|0	0	0	2940	0	10|0	0|0	0	0	4230	0	10|0	0|0	0	0
9	25	200	0	10|0	0|0	0	0	590	0	10|0	0|0	0	0	1180	0	10|0	0|0	0	0	2940	0	10|0	0|0	0	0	2940	0	10|0	0|0	0	0	4230	0	10|0	0|0	0	0
10	25	250	130	60|60	12|12	0	0	740	370	60|60	12|12	0	0	1470	740	60|60	12|12	0	0	3680	1840	60|60	12|12	0	0	3680	1840	60|60	12|12	0	0	5290	2650	60|60	12|12	0	0
11	25	250	250	120|120	24|24	0	0	760	750	120|120	24|24	0	0	1530	1500	120|120	24|24	0	0	3820	3750	120|120	24|24	0	0	3820	3750	120|120	24|24	0	0	5500	5400	120|120	24|24	0	0
12	25	260	380	180|180	60|60	0	0	790	1150	180|180	60|60	0	0	1590	2300	180|180	60|60	0	0	3970	5740	180|180	60|60	0	0	3970	5740	180|180	60|60	0	0	5720	8260	180|180	60|60	0	0
13	25	270	520	600|600	120|120	0	0	820	1560	600|600	120|120	0	0	1650	3120	600|600	120|120	0	0	4120	7800	600|600	120|120	0	0	4120	7800	600|600	120|120	0	0	5930	11220	600|600	120|120	0	0
14	25	280	660	800|800	200|200	0	0	850	1980	800|800	200|200	0	0	1710	3980	800|800	200|200	0	0	4260	9930	800|800	200|200	0	0	4260	9930	800|800	200|200	0	0	6140	14290	800|800	200|200	0	0
15	25	290	800	1000|1000	360|360	0	0	880	2420	1000|1000	360|360	0	0	1760	4860	1000|1000	360|360	0	0	4410	12130	1000|1000	360|360	0	0	4410	12130	1000|1000	360|360	0	0	6350	17470	1000|1000	360|360	0	0
16	25	300	950	1500|1500	600|600	0	0	910	2880	1500|1500	600|600	0	0	1820	5770	1500|1500	600|600	0	0	4560	14410	1500|1500	600|600	0	0	4560	14410	1500|1500	600|600	0	0	6560	20750	1500|1500	600|600	0	0
17	25	310	1110	2000|2000	920|920	0	0	940	3350	2000|2000	920|920	0	0	1880	6710	2000|2000	920|920	0	0	4700	16760	2000|2000	920|920	0	0	4700	16760	2000|2000	920|920	0	0	6770	24130	2000|2000	920|920	0	0
18	25	320	1270	2500|2500	1320|1320	0	0	970	3830	2500|2500	1320|1320	0	0	1940	7680	2500|2500	1320|1320	0	0	4850	19190	2500|2500	1320|1320	0	0	4850	19190	2500|2500	1320|1320	0	0	6990	27630	2500|2500	1320|1320	0	0
19	25	330	1430	3000|3000	1800|1800	0	0	1000	4330	3000|3000	1800|1800	0	0	2000	8680	3000|3000	1800|1800	0	0	5000	21690	3000|3000	1800|1800	0	0	5000	21690	3000|3000	1800|1800	0	0	7200	31230	3000|3000	1800|1800	0	0
0	30	180	0	3|0	0|0	0	0	530	0	3|0	0|0	0	0	1060	0	3|0	0|0	0	0	2640	0	3|0	0|0	0	0	2640	0	3|0	0|0	0	0	3800	0	3|0	0|0	0	0
1	30	180	0	3|0	0|0	0	0	530	0	3|0	0|0	0	0	1060	0	3|0	0|0	0	0	2640	0	3|0	0|0	0	0	2640	0	3|0	0|0	0	0	3800	0	3|0	0|0	0	0
2	30	180	0	6|0	0|0	0	0	530	0	6|0	0|0	0	0	1060	0	6|0	0|0	0	0	2640	0	6|0	0|0	0	0	2640	0	6|0	0|0	0	0	3800	0	6|0	0|0	0	0
3	30	180	0	6|0	0|0	0	0	530	0	6|0	0|0	0	0	1060	0	6|0	0|0	0	0	2640	0	6|0	0|0	0	0	2640	0	6|0	0|0	0	0	3800	0	6|0	0|0	0	0
4	30	210	0	9|0	0|0	0	0	630	0	9|0	0|0	0	0	1270	0	9|0	0|0	0	0	3170	0	9|0	0|0	0	0	3170	0	9|0	0|0	0	0	4560	0	9|0	0|0	0	0
5	30	250	0	9|0	0|0	0	0	740	0	9|0	0|0	0	0	1480	0	9|0	0|0	0	0	3700	0	9|0	0|0	0	0	3700	0	9|0	0|0	0	0	5320	0	9|0	0|0	0	0
6	30	280	0	12|0	0|0	0	0	840	0	12|0	0|0	0	0	1690	0	12|0	0|0	0	0	4220	0	12|0	0|0	0	0	4220	0	12|0	0|0	0	0	6080	0	12|0	0|0	0	0
7	30	320	0	12|0	0|0	0	0	950	0	12|0	0|0	0	0	1900	0	12|0	0|0	0	0	4750	0	12|0	0|0	0	0	4750	0	12|0	0|0	0	0	6840	0	12|0	0|0	0	0
8	30	350	0	15|0	0|0	0	0	1060	0	15|0	0|0	0	0	2110	0	15|0	0|0	0	0	5280	0	15|0	0|0	0	0	5280	0	15|0	0|0	0	0	7600	0	15|0	0|0	0	0
9	30	350	0	15|0	0|0	0	0	1060	0	15|0	0|0	0	0	2110	0	15|0	0|0	0	0	5280	0	15|0	0|0	0	0	5280	0	15|0	0|0	0	0	7600	0	15|0	0|0	0	0
10	30	440	220	90|90	18|18	0	0	1320	660	90|90	18|18	0	0	2640	1320	90|90	18|18	0	0	6600	3300	90|90	18|18	0	0	6600	3300	90|90	18|18	0	0	9510	4760	90|90	18|18	0	0
11	30	460	450	180|180	36|36	0	0	1370	1350	180|180	36|36	0	0	2750	2700	180|180	36|36	0	0	6860	6730	180|180	36|36	0	0	6860	6730	180|180	36|36	0	0	9890	9700	180|180	36|36	0	0
12	30	480	690	270|270	90|90	0	0	1430	2060	270|270	90|90	0	0	2850	4120	270|270	90|90	0	0	7130	10300	270|270	90|90	0	0	7130	10300	270|270	90|90	0	0	10270	14840	270|270	90|90	0	0
13	30	490	940	900|900	180|180	0	0	1480	2800	900|900	180|180	0	0	2960	5600	900|900	180|180	0	0	7390	13990	900|900	180|180	0	0	7390	13990	900|900	180|180	0	0	10650	20160	900|900	180|180	0	0
14	30	510	1190	1200|1200	300|300	0	0	1530	3570	1200|1200	300|300	0	0	3060	7130	1200|1200	300|300	0	0	7660	17820	1200|1200	300|300	0	0	7660	17820	1200|1200	300|300	0	0	11030	25680	1200|1200	300|300	0	0
15	30	530	1460	1500|1500	540|540	0	0	1580	4360	1500|1500	540|540	0	0	3170	8720	1500|1500	540|540	0	0	7920	21780	1500|1500	540|540	0	0	7920	21780	1500|1500	540|540	0	0	11410	31380	1500|1500	540|540	0	0
16	30	550	1730	2250|2250	900|900	0	0	1640	5180	2250|2250	900|900	0	0	3270	10350	2250|2250	900|900	0	0	8180	25870	2250|2250	900|900	0	0	8180	25870	2250|2250	900|900	0	0	11790	37280	2250|2250	900|900	0	0
17	30	560	2010	3000|3000	1380|1380	0	0	1690	6020	3000|3000	1380|1380	0	0	3380	12040	3000|3000	1380|1380	0	0	8450	30100	3000|3000	1380|1380	0	0	8450	30100	3000|3000	1380|1380	0	0	12170	43360	3000|3000	1380|1380	0	0
18	30	580	2300	3750|3750	1980|1980	0	0	1740	6890	3750|3750	1980|1980	0	0	3480	13780	3750|3750	1980|1980	0	0	8710	34450	3750|3750	1980|1980	0	0	8710	34450	3750|3750	1980|1980	0	0	12550	49640	3750|3750	1980|1980	0	0
19	30	600	2600	4500|4500	2700|2700	0	0	1800	7790	4500|4500	2700|2700	0	0	3590	15580	4500|4500	2700|2700	0	0	8980	38940	4500|4500	2700|2700	0	0	8980	38940	4500|4500	2700|2700	0	0	12930	56100	4500|4500	2700|2700	0	0
0	35	270	0	4|0	0|0	0	0	820	0	4|0	0|0	0	0	1640	0	4|0	0|0	0	0	4110	0	4|0	0|0	0	0	4110	0	4|0	0|0	0	0	5920	0	4|0	0|0	0	0
1	35	270	0	4|0	0|0	0	0	820	0	4|0	0|0	0	0	1640	0	4|0	0|0	0	0	4110	0	4|0	0|0	0	0	4110	0	4|0	0|0	0	0	5920	0	4|0	0|0	0	0
2	35	270	0	8|0	0|0	0	0	820	0	8|0	0|0	0	0	1640	0	8|0	0|0	0	0	4110	0	8|0	0|0	0	0	4110	0	8|0	0|0	0	0	5920	0	8|0	0|0	0	0
3	35	270	0	8|0	0|0	0	0	820	0	8|0	0|0	0	0	1640	0	8|0	0|0	0	0	4110	0	8|0	0|0	0	0	4110	0	8|0	0|0	0	0	5920	0	8|0	0|0	0	0
4	35	330	0	12|0	0|0	0	0	990	0	12|0	0|0	0	0	1970	0	12|0	0|0	0	0	4930	0	12|0	0|0	0	0	4930	0	12|0	0|0	0	0	7100	0	12|0	0|0	0	0
5	35	380	0	12|0	0|0	0	0	1150	0	12|0	0|0	0	0	2300	0	12|0	0|0	0	0	5750	0	12|0	0|0	0	0	5750	0	12|0	0|0	0	0	8290	0	12|0	0|0	0	0
6	35	440	0	16|0	0|0	0	0	1320	0	16|0	0|0	0	0	2630	0	16|0	0|0	0	0	6580	0	16|0	0|0	0	0	6580	0	16|0	0|0	0	0	9470	0	16|0	0|0	0	0
7	35	490	0	16|0	0|0	0	0	1480	0	16|0	0|0	0	0	2960	0	16|0	0|0	0	0	7400	0	16|0	0|0	0	0	7400	0	16|0	0|0	0	0	10650	0	16|0	0|0	0	0
8	35	550	0	20|0	0|0	0	0	1640	0	20|0	0|0	0	0	3290	0	20|0	0|0	0	0	8220	0	20|0	0|0	0	0	8220	0	20|0	0|0	0	0	11840	0	20|0	0|0	0	0
9	35	550	0	20|0	0|0	0	0	1640	0	20|0	0|0	0	0	3290	0	20|0	0|0	0	0	8220	0	20|0	0|0	0	0	8220	0	20|0	0|0	0	0	11840	0	20|0	0|0	0	0
10	35	690	350	120|120	24|24	0	0	2060	1030	120|120	24|24	0	0	4110	2060	120|120	24|24	0	0	10280	5140	120|120	24|24	0	0	10280	5140	120|120	24|24	0	0	14800	7400	120|120	24|24	0	0
11	35	710	700	240|240	48|48	0	0	2140	2100	240|240	48|48	0	0	4270	4190	240|240	48|48	0	0	10690	10490	240|240	48|48	0	0	10690	10490	240|240	48|48	0	0	15390	15100	240|240	48|48	0	0
12	35	740	1070	360|360	120|120	0	0	2220	3210	360|360	120|120	0	0	4440	6410	360|360	120|120	0	0	11100	16040	360|360	120|120	0	0	11100	16040	360|360	120|120	0	0	15980	23090	360|360	120|120	0	0
13	35	770	1460	1200|1200	240|240	0	0	2300	4360	1200|1200	240|240	0	0	4600	8710	1200|1200	240|240	0	0	11510	21790	1200|1200	240|240	0	0	11510	21790	1200|1200	240|240	0	0	16570	31370	1200|1200	240|240	0	0
14	35	790	1850	1600|1600	400|400	0	0	2380	5550	1600|1600	400|400	0	0	4770	11100	1600|1600	400|400	0	0	11920	27750	1600|1600	400|400	0	0	11920	27750	1600|1600	400|400	0	0	17160	39950	1600|1600	400|400	0	0
15	35	820	2260	2000|2000	720|720	0	0	2470	6790	2000|2000	720|720	0	0	4930	13560	2000|2000	720|720	0	0	12330	33920	2000|2000	720|720	0	0	12330	33920	2000|2000	720|720	0	0	17750	48830	2000|2000	720|720	0	0
16	35	850	2690	3000|3000	1200|1200	0	0	2550	8060	3000|3000	1200|1200	0	0	5100	16110	3000|3000	1200|1200	0	0	12740	40290	3000|3000	1200|1200	0	0	12740	40290	3000|3000	1200|1200	0	0	18350	58000	3000|3000	1200|1200	0	0
17	35	880	3130	4000|4000	1840|1840	0	0	2630	9380	4000|4000	1840|1840	0	0	5260	18740	4000|4000	1840|1840	0	0	13150	46860	4000|4000	1840|1840	0	0	13150	46860	4000|4000	1840|1840	0	0	18940	67470	4000|4000	1840|1840	0	0
18	35	900	3580	5000|5000	2640|2640	0	0	2710	10730	5000|5000	2640|2640	0	0	5430	21460	5000|5000	2640|2640	0	0	13560	53640	5000|5000	2640|2640	0	0	13560	53640	5000|5000	2640|2640	0	0	19530	77240	5000|5000	2640|2640	0	0
19	35	930	4040	6000|6000	3600|3600	0	0	2790	12130	6000|6000	3600|3600	0	0	5590	24250	6000|6000	3600|3600	0	0	13970	60630	6000|6000	3600|3600	0	0	13970	60630	6000|6000	3600|3600	0	0	20120	87300	6000|6000	3600|3600	0	0
0	40	370	0	6|0	0|0	0	0	1110	0	6|0	0|0	0	0	2220	0	6|0	0|0	0	0	5550	0	6|0	0|0	0	0	5550	0	6|0	0|0	0	0	7990	0	6|0	0|0	0	0
1	40	370	0	6|0	0|0	0	0	1110	0	6|0	0|0	0	0	2220	0	6|0	0|0	0	0	5550	0	6|0	0|0	0	0	5550	0	6|0	0|0	0	0	7990	0	6|0	0|0	0	0
2	40	370	0	12|0	0|0	0	0	1110	0	12|0	0|0	0	0	2220	0	12|0	0|0	0	0	5550	0	12|0	0|0	0	0	5550	0	12|0	0|0	0	0	7990	0	12|0	0|0	0	0
3	40	370	0	12|0	0|0	0	0	1110	0	12|0	0|0	0	0	2220	0	12|0	0|0	0	0	5550	0	12|0	0|0	0	0	5550	0	12|0	0|0	0	0	7990	0	12|0	0|0	0	0
4	40	440	0	18|0	0|0	0	0	1330	0	18|0	0|0	0	0	2660	0	18|0	0|0	0	0	6660	0	18|0	0|0	0	0	6660	0	18|0	0|0	0	0	9590	0	18|0	0|0	0	0
5	40	520	0	18|0	0|0	0	0	1550	0	18|0	0|0	0	0	3110	0	18|0	0|0	0	0	7770	0	18|0	0|0	0	0	7770	0	18|0	0|0	0	0	11190	0	18|0	0|0	0	0
6	40	590	0	24|0	0|0	0	0	1780	0	24|0	0|0	0	0	3550	0	24|0	0|0	0	0	8880	0	24|0	0|0	0	0	8880	0	24|0	0|0	0	0	12790	0	24|0	0|0	0	0
7	40	670	0	24|0	0|0	0	0	2000	0	24|0	0|0	0	0	4000	0	24|0	0|0	0	0	9990	0	24|0	0|0	0	0	9990	0	24|0	0|0	0	0	14390	0	24|0	0|0	0	0
8	40	740	0	30|0	0|0	0	0	2220	0	30|0	0|0	0	0	4440	0	30|0	0|0	0	0	11100	0	30|0	0|0	0	0	11100	0	30|0	0|0	0	0	15980	0	30|0	0|0	0	0
9	40	740	0	30|0	0|0	0	0	2220	0	30|0	0|0	0	0	4440	0	30|0	0|0	0	0	11100	0	30|0	0|0	0	0	11100	0	30|0	0|0	0	0	15980	0	30|0	0|0	0	0
10	40	930	470	180|180	36|36	0	0	2780	1390	180|180	36|36	0	0	5550	2780	180|180	36|36	0	0	13880	6940	180|180	36|36	0	0	13880	6940	180|180	36|36	0	0	19980	9990	180|180	36|36	0	0
11	40	960	950	360|360	72|72	0	0	2890	2840	360|360	72|72	0	0	5770	5660	360|360	72|72	0	0	14430	14160	360|360	72|72	0	0	14430	14160	360|360	72|72	0	0	20780	20380	360|360	72|72	0	0
12	40	1000	1450	540|540	180|180	0	0	3000	4340	540|540	180|180	0	0	5990	8660	540|540	180|180	0	0	14990	21650	540|540	180|180	0	0	14990	21650	540|540	180|180	0	0	21580	31170	540|540	180|180	0	0
13	40	1040	1970	1800|1800	360|360	0	0	3110	5890	1800|1800	360|360	0	0	6220	11770	1800|1800	360|360	0	0	15540	29420	1800|1800	360|360	0	0	15540	29420	1800|1800	360|360	0	0	22380	42360	1800|1800	360|360	0	0
14	40	1070	2500	2400|2400	600|600	0	0	3220	7500	2400|2400	600|600	0	0	6440	14990	2400|2400	600|600	0	0	16100	37470	2400|2400	600|600	0	0	16100	37470	2400|2400	600|600	0	0	23180	53950	2400|2400	600|600	0	0
15	40	1110	3060	3000|3000	1080|1080	0	0	3330	9170	3000|3000	1080|1080	0	0	6660	18320	3000|3000	1080|1080	0	0	16650	45800	3000|3000	1080|1080	0	0	16650	45800	3000|3000	1080|1080	0	0	23980	65940	3000|3000	1080|1080	0	0
16	40	1150	3630	4500|4500	1800|1800	0	0	3440	10890	4500|4500	1800|1800	0	0	6880	21760	4500|4500	1800|1800	0	0	17210	54400	4500|4500	1800|1800	0	0	17210	54400	4500|4500	1800|1800	0	0	24780	78330	4500|4500	1800|1800	0	0
17	40	1180	4220	6000|6000	2760|2760	0	0	3550	12660	6000|6000	2760|2760	0	0	7100	25310	6000|6000	2760|2760	0	0	17760	63280	6000|6000	2760|2760	0	0	17760	63280	6000|6000	2760|2760	0	0	25570	91120	6000|6000	2760|2760	0	0
18	40	1220	4830	7500|7500	3960|3960	0	0	3660	14490	7500|7500	3960|3960	0	0	7330	28970	7500|7500	3960|3960	0	0	18320	72440	7500|7500	3960|3960	0	0	18320	72440	7500|7500	3960|3960	0	0	26370	104300	7500|7500	3960|3960	0	0
19	40	1260	5460	9000|9000	5400|5400	0	0	3770	16380	9000|9000	5400|5400	0	0	7550	32750	9000|9000	5400|5400	0	0	18870	81880	9000|9000	5400|5400	0	0	18870	81880	9000|9000	5400|5400	0	0	27170	117890	9000|9000	5400|5400	0	0
0	45	610	0	8|0	0|0	0	0	1820	0	8|0	0|0	0	0	3650	0	8|0	0|0	0	0	7300	0	8|0	0|0	0	0	7300	0	8|0	0|0	0	0	11670	0	8|0	0|0	0	0
1	45	610	0	8|0	0|0	0	0	1820	0	8|0	0|0	0	0	3650	0	8|0	0|0	0	0	7300	0	8|0	0|0	0	0	7300	0	8|0	0|0	0	0	11670	0	8|0	0|0	0	0
2	45	610	0	16|0	0|0	0	0	1820	0	16|0	0|0	0	0	3650	0	16|0	0|0	0	0	7300	0	16|0	0|0	0	0	7300	0	16|0	0|0	0	0	11670	0	16|0	0|0	0	0
3	45	610	0	16|0	0|0	0	0	1820	0	16|0	0|0	0	0	3650	0	16|0	0|0	0	0	7300	0	16|0	0|0	0	0	7300	0	16|0	0|0	0	0	11670	0	16|0	0|0	0	0
4	45	730	0	24|0	0|0	0	0	2190	0	24|0	0|0	0	0	4380	0	24|0	0|0	0	0	8760	0	24|0	0|0	0	0	8760	0	24|0	0|0	0	0	14010	0	24|0	0|0	0	0
5	45	850	0	24|0	0|0	0	0	2550	0	24|0	0|0	0	0	5110	0	24|0	0|0	0	0	10210	0	24|0	0|0	0	0	10210	0	24|0	0|0	0	0	16340	0	24|0	0|0	0	0
6	45	970	0	32|0	0|0	0	0	2920	0	32|0	0|0	0	0	5840	0	32|0	0|0	0	0	11670	0	32|0	0|0	0	0	11670	0	32|0	0|0	0	0	18680	0	32|0	0|0	0	0
7	45	1090	0	32|0	0|0	0	0	3280	0	32|0	0|0	0	0	6570	0	32|0	0|0	0	0	13130	0	32|0	0|0	0	0	13130	0	32|0	0|0	0	0	21010	0	32|0	0|0	0	0
8	45	1220	0	40|0	0|0	0	0	3650	0	40|0	0|0	0	0	7300	0	40|0	0|0	0	0	14590	0	40|0	0|0	0	0	14590	0	40|0	0|0	0	0	23350	0	40|0	0|0	0	0
9	45	1220	0	40|0	0|0	0	0	3650	0	40|0	0|0	0	0	7300	0	40|0	0|0	0	0	14590	0	40|0	0|0	0	0	14590	0	40|0	0|0	0	0	23350	0	40|0	0|0	0	0
10	45	1520	760	240|240	48|48	0	0	4560	2280	240|240	48|48	0	0	9120	4560	240|240	48|48	0	0	18240	9120	240|240	48|48	0	0	18240	9120	240|240	48|48	0	0	29190	14600	240|240	48|48	0	0
11	45	1580	1550	480|480	96|96	0	0	4740	4650	480|480	96|96	0	0	9480	9300	480|480	96|96	0	0	18970	18610	480|480	96|96	0	0	18970	18610	480|480	96|96	0	0	30350	29770	480|480	96|96	0	0
12	45	1640	2370	720|720	240|240	0	0	4920	7110	720|720	240|240	0	0	9850	14230	720|720	240|240	0	0	19700	28460	720|720	240|240	0	0	19700	28460	720|720	240|240	0	0	31520	45530	720|720	240|240	0	0
13	45	1700	3220	2400|2400	480|480	0	0	5110	9670	2400|2400	480|480	0	0	10210	19330	2400|2400	480|480	0	0	20430	38670	2400|2400	480|480	0	0	20430	38670	2400|2400	480|480	0	0	32690	61880	2400|2400	480|480	0	0
14	45	1760	4100	3200|3200	800|800	0	0	5290	12310	3200|3200	800|800	0	0	10580	24620	3200|3200	800|800	0	0	21160	49250	3200|3200	800|800	0	0	21160	49250	3200|3200	800|800	0	0	33850	78800	3200|3200	800|800	0	0
15	45	1820	5010	4000|4000	1440|1440	0	0	5470	15050	4000|4000	1440|1440	0	0	10940	30090	4000|4000	1440|1440	0	0	21890	60200	4000|4000	1440|1440	0	0	21890	60200	4000|4000	1440|1440	0	0	35020	96310	4000|4000	1440|1440	0	0
16	45	1880	5950	6000|6000	2400|2400	0	0	5650	17870	6000|6000	2400|2400	0	0	11310	35750	6000|6000	2400|2400	0	0	22620	71510	6000|6000	2400|2400	0	0	22620	71510	6000|6000	2400|2400	0	0	36190	114410	6000|6000	2400|2400	0	0
17	45	1950	6930	8000|8000	3680|3680	0	0	5840	20790	8000|8000	3680|3680	0	0	11670	41580	8000|8000	3680|3680	0	0	23350	83180	8000|8000	3680|3680	0	0	23350	83180	8000|8000	3680|3680	0	0	37360	133090	8000|8000	3680|3680	0	0
18	45	2010	7930	10000|10000	5280|5280	0	0	6020	23800	10000|10000	5280|5280	0	0	12040	47600	10000|10000	5280|5280	0	0	24080	95220	10000|10000	5280|5280	0	0	24080	95220	10000|10000	5280|5280	0	0	38520	152350	10000|10000	5280|5280	0	0
19	45	2070	8970	12000|12000	7200|7200	0	0	6200	26900	12000|12000	7200|7200	0	0	12400	53800	12000|12000	7200|7200	0	0	24810	107630	12000|12000	7200|7200	0	0	24810	107630	12000|12000	7200|7200	0	0	39690	172190	12000|12000	7200|7200	0	0
0	50	1100	0	10|0	0|0	0	0	3300	0	10|0	0|0	0	0	6600	0	10|0	0|0	0	0	13200	0	10|0	0|0	0	0	13200	0	10|0	0|0	0	0	21120	0	10|0	0|0	0	0
1	50	1100	0	10|0	0|0	0	0	3300	0	10|0	0|0	0	0	6600	0	10|0	0|0	0	0	13200	0	10|0	0|0	0	0	13200	0	10|0	0|0	0	0	21120	0	10|0	0|0	0	0
2	50	1100	0	20|0	0|0	0	0	3300	0	20|0	0|0	0	0	6600	0	20|0	0|0	0	0	13200	0	20|0	0|0	0	0	13200	0	20|0	0|0	0	0	21120	0	20|0	0|0	0	0
3	50	1100	0	20|0	0|0	0	0	3300	0	20|0	0|0	0	0	6600	0	20|0	0|0	0	0	13200	0	20|0	0|0	0	0	13200	0	20|0	0|0	0	0	21120	0	20|0	0|0	0	0
4	50	1320	0	30|0	0|0	0	0	3960	0	30|0	0|0	0	0	7920	0	30|0	0|0	0	0	15840	0	30|0	0|0	0	0	15840	0	30|0	0|0	0	0	25340	0	30|0	0|0	0	0
5	50	1540	0	30|0	0|0	0	0	4620	0	30|0	0|0	0	0	9240	0	30|0	0|0	0	0	18480	0	30|0	0|0	0	0	18480	0	30|0	0|0	0	0	29570	0	30|0	0|0	0	0
6	50	1760	0	40|0	0|0	0	0	5280	0	40|0	0|0	0	0	10560	0	40|0	0|0	0	0	21120	0	40|0	0|0	0	0	21120	0	40|0	0|0	0	0	33790	0	40|0	0|0	0	0
7	50	1980	0	40|0	0|0	0	0	5940	0	40|0	0|0	0	0	11880	0	40|0	0|0	0	0	23760	0	40|0	0|0	0	0	23760	0	40|0	0|0	0	0	38020	0	40|0	0|0	0	0
8	50	2200	0	50|0	0|0	0	0	6600	0	50|0	0|0	0	0	13200	0	50|0	0|0	0	0	26400	0	50|0	0|0	0	0	26400	0	50|0	0|0	0	0	42240	0	50|0	0|0	0	0
9	50	2200	0	50|0	0|0	0	0	6600	0	50|0	0|0	0	0	13200	0	50|0	0|0	0	0	26400	0	50|0	0|0	0	0	26400	0	50|0	0|0	0	0	42240	0	50|0	0|0	0	0
10	50	2750	1380	300|300	60|60	0	0	8250	4130	300|300	60|60	0	0	16500	8250	300|300	60|60	0	0	33000	16500	300|300	60|60	0	0	33000	16500	300|300	60|60	0	0	52800	26400	300|300	60|60	0	0
11	50	2860	2810	600|600	120|120	0	0	8580	8420	600|600	120|120	0	0	17160	16830	600|600	120|120	0	0	34320	33660	600|600	120|120	0	0	34320	33660	600|600	120|120	0	0	54910	53860	600|600	120|120	0	0
12	50	2970	4290	900|900	300|300	0	0	8910	12870	900|900	300|300	0	0	17820	25740	900|900	300|300	0	0	35640	51480	900|900	300|300	0	0	35640	51480	900|900	300|300	0	0	57020	82370	900|900	300|300	0	0
13	50	3080	5830	3000|3000	600|600	0	0	9240	17490	3000|3000	600|600	0	0	18480	34980	3000|3000	600|600	0	0	36960	69960	3000|3000	600|600	0	0	36960	69960	3000|3000	600|600	0	0	59140	111940	3000|3000	600|600	0	0
14	50	3190	7430	4000|4000	1000|1000	0	0	9570	22280	4000|4000	1000|1000	0	0	19140	44550	4000|4000	1000|1000	0	0	38280	89100	4000|4000	1000|1000	0	0	38280	89100	4000|4000	1000|1000	0	0	61250	142560	4000|4000	1000|1000	0	0
15	50	3300	9080	5000|5000	1800|1800	0	0	9900	27230	5000|5000	1800|1800	0	0	19800	54450	5000|5000	1800|1800	0	0	39600	108900	5000|5000	1800|1800	0	0	39600	108900	5000|5000	1800|1800	0	0	63360	174240	5000|5000	1800|1800	0	0
16	50	3410	10780	7500|7500	3000|3000	0	0	10230	32340	7500|7500	3000|3000	0	0	20460	64680	7500|7500	3000|3000	0	0	40920	129360	7500|7500	3000|3000	0	0	40920	129360	7500|7500	3000|3000	0	0	65470	206980	7500|7500	3000|3000	0	0
17	50	3520	12540	10000|10000	4600|4600	0	0	10560	37620	10000|10000	4600|4600	0	0	21120	75240	10000|10000	4600|4600	0	0	42240	150480	10000|10000	4600|4600	0	0	42240	150480	10000|10000	4600|4600	0	0	67580	240770	10000|10000	4600|4600	0	0
18	50	3630	14360	12500|12500	6600|6600	0	0	10890	43070	12500|12500	6600|6600	0	0	21780	86130	12500|12500	6600|6600	0	0	43560	172260	12500|12500	6600|6600	0	0	43560	172260	12500|12500	6600|6600	0	0	69700	275620	12500|12500	6600|6600	0	0
19	50	3740	16230	15000|15000	9000|9000	0	0	11220	48680	15000|15000	9000|9000	0	0	22440	97350	15000|15000	9000|9000	0	0	44880	194700	15000|15000	9000|9000	0	0	44880	194700	15000|15000	9000|9000	0	0	71810	311520	15000|15000	9000|9000	0	0
0	55	1280	0	10|0	0|0	0	0	3840	0	10|0	0|0	0	0	7680	0	10|0	0|0	0	0	15360	0	10|0	0|0	0	0	15360	0	10|0	0|0	0	0	24580	0	10|0	0|0	0	0
1	55	1280	0	10|0	0|0	0	0	3840	0	10|0	0|0	0	0	7680	0	10|0	0|0	0	0	15360	0	10|0	0|0	0	0	15360	0	10|0	0|0	0	0	24580	0	10|0	0|0	0	0
2	55	1280	0	20|0	0|0	0	0	3840	0	20|0	0|0	0	0	7680	0	20|0	0|0	0	0	15360	0	20|0	0|0	0	0	15360	0	20|0	0|0	0	0	24580	0	20|0	0|0	0	0
3	55	1280	0	20|0	0|0	0	0	3840	0	20|0	0|0	0	0	7680	0	20|0	0|0	0	0	15360	0	20|0	0|0	0	0	15360	0	20|0	0|0	0	0	24580	0	20|0	0|0	0	0
4	55	1540	0	30|0	0|0	0	0	4610	0	30|0	0|0	0	0	9220	0	30|0	0|0	0	0	18430	0	30|0	0|0	0	0	18430	0	30|0	0|0	0	0	29490	0	30|0	0|0	0	0
5	55	1790	0	30|0	0|0	0	0	5380	0	30|0	0|0	0	0	10750	0	30|0	0|0	0	0	21500	0	30|0	0|0	0	0	21500	0	30|0	0|0	0	0	34410	0	30|0	0|0	0	0
6	55	2050	0	40|0	0|0	0	0	6140	0	40|0	0|0	0	0	12290	0	40|0	0|0	0	0	24580	0	40|0	0|0	0	0	24580	0	40|0	0|0	0	0	39320	0	40|0	0|0	0	0
7	55	2300	0	40|0	0|0	0	0	6910	0	40|0	0|0	0	0	13820	0	40|0	0|0	0	0	27650	0	40|0	0|0	0	0	27650	0	40|0	0|0	0	0	44240	0	40|0	0|0	0	0
8	55	2560	0	50|0	0|0	0	0	7680	0	50|0	0|0	0	0	15360	0	50|0	0|0	0	0	30720	0	50|0	0|0	0	0	30720	0	50|0	0|0	0	0	49150	0	50|0	0|0	0	0
9	55	2560	0	50|0	0|0	0	0	7680	0	50|0	0|0	0	0	15360	0	50|0	0|0	0	0	30720	0	50|0	0|0	0	0	30720	0	50|0	0|0	0	0	49150	0	50|0	0|0	0	0
10	55	3200	1600	300|300	60|60	0	0	9600	4800	300|300	60|60	0	0	19200	9600	300|300	60|60	0	0	38400	19200	300|300	60|60	0	0	38400	19200	300|300	60|60	0	0	61440	30720	300|300	60|60	0	0
11	55	3330	3270	600|600	120|120	0	0	9980	9790	600|600	120|120	0	0	19970	19590	600|600	120|120	0	0	39940	39170	600|600	120|120	0	0	39940	39170	600|600	120|120	0	0	63900	62670	600|600	120|120	0	0
12	55	3460	5000	900|900	300|300	0	0	10370	14980	900|900	300|300	0	0	20740	29960	900|900	300|300	0	0	41470	59910	900|900	300|300	0	0	41470	59910	900|900	300|300	0	0	66360	95850	900|900	300|300	0	0
13	55	3580	6790	3000|3000	600|600	0	0	10750	20350	3000|3000	600|600	0	0	21500	40710	3000|3000	600|600	0	0	43010	81410	3000|3000	600|600	0	0	43010	81410	3000|3000	600|600	0	0	68810	130260	3000|3000	600|600	0	0
14	55	3710	8640	4000|4000	1000|1000	0	0	11140	25920	4000|4000	1000|1000	0	0	22270	51840	4000|4000	1000|1000	0	0	44540	103680	4000|4000	1000|1000	0	0	44540	103680	4000|4000	1000|1000	0	0	71270	165890	4000|4000	1000|1000	0	0
15	55	3840	10560	5000|5000	1800|1800	0	0	11520	31680	5000|5000	1800|1800	0	0	23040	63360	5000|5000	1800|1800	0	0	46080	126720	5000|5000	1800|1800	0	0	46080	126720	5000|5000	1800|1800	0	0	73730	202760	5000|5000	1800|1800	0	0
16	55	3970	12550	7500|7500	3000|3000	0	0	11900	37630	7500|7500	3000|3000	0	0	23810	75270	7500|7500	3000|3000	0	0	47620	150530	7500|7500	3000|3000	0	0	47620	150530	7500|7500	3000|3000	0	0	76190	240850	7500|7500	3000|3000	0	0
17	55	4100	14600	10000|10000	4600|4600	0	0	12290	43780	10000|10000	4600|4600	0	0	24580	87560	10000|10000	4600|4600	0	0	49150	175110	10000|10000	4600|4600	0	0	49150	175110	10000|10000	4600|4600	0	0	78640	280170	10000|10000	4600|4600	0	0
18	55	4220	16710	12500|12500	6600|6600	0	0	12670	50110	12500|12500	6600|6600	0	0	25340	100230	12500|12500	6600|6600	0	0	50690	200450	12500|12500	6600|6600	0	0	50690	200450	12500|12500	6600|6600	0	0	81100	320720	12500|12500	6600|6600	0	0
19	55	4350	18880	15000|15000	9000|9000	0	0	13060	56640	15000|15000	9000|9000	0	0	26110	113280	15000|15000	9000|9000	0	0	52220	226560	15000|15000	9000|9000	0	0	52220	226560	15000|15000	9000|9000	0	0	83560	362500	15000|15000	9000|9000	0	0
0	60	1550	0	10|0	0|0	0	0	4640	0	10|0	0|0	0	0	9280	0	10|0	0|0	0	0	18550	0	10|0	0|0	0	0	18550	0	10|0	0|0	0	0	29680	0	10|0	0|0	0	0
1	60	1550	0	10|0	0|0	0	0	4640	0	10|0	0|0	0	0	9280	0	10|0	0|0	0	0	18550	0	10|0	0|0	0	0	18550	0	10|0	0|0	0	0	29680	0	10|0	0|0	0	0
2	60	1550	0	20|0	0|0	0	0	4640	0	20|0	0|0	0	0	9280	0	20|0	0|0	0	0	18550	0	20|0	0|0	0	0	18550	0	20|0	0|0	0	0	29680	0	20|0	0|0	0	0
3	60	1550	0	20|0	0|0	0	0	4640	0	20|0	0|0	0	0	9280	0	20|0	0|0	0	0	18550	0	20|0	0|0	0	0	18550	0	20|0	0|0	0	0	29680	0	20|0	0|0	0	0
4	60	1860	0	30|0	0|0	0	0	5570	0	30|0	0|0	0	0	11130	0	30|0	0|0	0	0	22260	0	30|0	0|0	0	0	22260	0	30|0	0|0	0	0	35620	0	30|0	0|0	0	0
5	60	2160	0	30|0	0|0	0	0	6490	0	30|0	0|0	0	0	12990	0	30|0	0|0	0	0	25970	0	30|0	0|0	0	0	25970	0	30|0	0|0	0	0	41560	0	30|0	0|0	0	0
6	60	2470	0	40|0	0|0	0	0	7420	0	40|0	0|0	0	0	14840	0	40|0	0|0	0	0	29680	0	40|0	0|0	0	0	29680	0	40|0	0|0	0	0	47490	0	40|0	0|0	0	0
7	60	2780	0	40|0	0|0	0	0	8350	0	40|0	0|0	0	0	16700	0	40|0	0|0	0	0	33390	0	40|0	0|0	0	0	33390	0	40|0	0|0	0	0	53430	0	40|0	0|0	0	0
8	60	3090	0	50|0	0|0	0	0	9280	0	50|0	0|0	0	0	18550	0	50|0	0|0	0	0	37100	0	50|0	0|0	0	0	37100	0	50|0	0|0	0	0	59370	0	50|0	0|0	0	0
9	60	3090	0	50|0	0|0	0	0	9280	0	50|0	0|0	0	0	18550	0	50|0	0|0	0	0	37100	0	50|0	0|0	0	0	37100	0	50|0	0|0	0	0	59370	0	50|0	0|0	0	0
10	60	3870	1940	300|300	60|60	0	0	11600	5800	300|300	60|60	0	0	23190	11600	300|300	60|60	0	0	46380	23190	300|300	60|60	0	0	46380	23190	300|300	60|60	0	0	74210	37110	300|300	60|60	0	0
11	60	4020	3950	600|600	120|120	0	0	12060	11830	600|600	120|120	0	0	24120	23660	600|600	120|120	0	0	48240	47310	600|600	120|120	0	0	48240	47310	600|600	120|120	0	0	77180	75700	600|600	120|120	0	0
12	60	4170	6030	900|900	300|300	0	0	12520	18090	900|900	300|300	0	0	25050	36180	900|900	300|300	0	0	50090	72360	900|900	300|300	0	0	50090	72360	900|900	300|300	0	0	80140	115770	900|900	300|300	0	0
13	60	4330	8200	3000|3000	600|600	0	0	12990	24590	3000|3000	600|600	0	0	25970	49170	3000|3000	600|600	0	0	51950	98330	3000|3000	600|600	0	0	51950	98330	3000|3000	600|600	0	0	83110	157320	3000|3000	600|600	0	0
14	60	4480	10440	4000|4000	1000|1000	0	0	13450	31310	4000|4000	1000|1000	0	0	26900	62620	4000|4000	1000|1000	0	0	53800	125230	4000|4000	1000|1000	0	0	53800	125230	4000|4000	1000|1000	0	0	86080	200360	4000|4000	1000|1000	0	0
15	60	4640	12760	5000|5000	1800|1800	0	0	13910	38270	5000|5000	1800|1800	0	0	27830	76530	5000|5000	1800|1800	0	0	55660	153060	5000|5000	1800|1800	0	0	55660	153060	5000|5000	1800|1800	0	0	89050	244890	5000|5000	1800|1800	0	0
16	60	4790	15150	7500|7500	3000|3000	0	0	14380	45460	7500|7500	3000|3000	0	0	28760	90910	7500|7500	3000|3000	0	0	57510	181820	7500|7500	3000|3000	0	0	57510	181820	7500|7500	3000|3000	0	0	92020	290900	7500|7500	3000|3000	0	0
17	60	4950	17630	10000|10000	4600|4600	0	0	14840	52880	10000|10000	4600|4600	0	0	29680	105750	10000|10000	4600|4600	0	0	59370	211500	10000|10000	4600|4600	0	0	59370	211500	10000|10000	4600|4600	0	0	94990	338390	10000|10000	4600|4600	0	0
18	60	5100	20180	12500|12500	6600|6600	0	0	15310	60530	12500|12500	6600|6600	0	0	30610	121060	12500|12500	6600|6600	0	0	61220	242110	12500|12500	6600|6600	0	0	61220	242110	12500|12500	6600|6600	0	0	97950	387370	12500|12500	6600|6600	0	0
19	60	5260	22810	15000|15000	9000|9000	0	0	15770	68420	15000|15000	9000|9000	0	0	31540	136830	15000|15000	9000|9000	0	0	63080	273650	15000|15000	9000|9000	0	0	63080	273650	15000|15000	9000|9000	0	0	100920	437830	15000|15000	9000|9000	0	0
