1	黄金	17	3	1	0	1	2	1001000000000	99999999	1	0	0	0	4	0	0	0	0	0	0	0	0	0
2	白银	17	2	1	0	1	2	1001000000000	99999999	1	0	0	0	1	0	0	0	0	0	0	0	0	0
3	绑金	17	6	1	0	1	2	1001000000000	99999999	1	0	0	0	4	0	0	0	0	0	0	0	0	0
4	铁石	17	8	1	0	1	2	1001000000000	99999999	1	0	0	0	2	0	0	0	0	0	0	0	0	0
5	灵石	17	9	1	0	1	2	1001000000000	99999999	1	0	0	0	1	0	0	0	0	0	0	0	0	0
6	玉石	17	4	1	0	1	2	1001000000000	99999999	1	0	0	0	4	0	0	0	0	0	0	0	0	0
7	荣誉	17	5	1	0	1	2	1001000000000	99999999	1	0	0	0	1	0	0	0	0	0	0	0	0	0
8	经验	17	20	1	0	1	2	1001000000000	99999999	1	0	0	0	1	0	0	0	0	0	0	0	0	0
20	皇龙令	12	10	1	0	1	2	999	1	1	0	0	1183	0	0	0	0	0	0	0	0	0	0
21	斗龙宝箱	11	0	1	0	1	2	999	1	1	0	0	1695	0	0	0	0	0	0	0	0	0	0
22	屠龙宝箱	11	0	1	0	1	2	999	1	1	0	0	1695	0	0	0	0	0	0	0	0	0	0
23	捆龙索	21	1	1	0	1	2	999	1	1	0	0	1183	0	0	0	0	0	0	5	0	0	0
24	捕兽夹	21	0	1	0	1	2	999	1	1	0	0	1183	0	0	0	0	0	0	1	0	0	0
801	剧毒手镯	1	8	1	0	1	2	1	1	303	168	2	33951	4	0	0	10	0	0	0	0	0	0
802	眩晕指环	1	7	1	0	1	2	1	1	303	168	2	33951	4	0	0	11	0	0	0	0	0	0
803	缠绕护手	1	3	1	0	1	2	1	1	303	168	2	33951	4	0	0	0	141	0	0	0	0	0
804	沉默项链	1	6	1	0	1	2	1	1	303	168	2	33951	4	0	0	12	0	0	0	0	0	0
805	疾行之靴	1	9	1	0	1	2	1	1	303	168	2	33951	4	0	0	0	122	0	0	0	0	0
806	巨人腰带	1	4	1	0	1	2	1	1	303	168	2	33951	4	0	0	0	100	0	0	0	0	0
807	荆棘护腿	1	5	1	0	1	2	1	1	303	168	2	33951	4	0	0	0	152	0	0	0	0	0
808	智慧护符	1	1	1	0	1	2	1	1	303	168	2	33951	4	0	0	13	0	0	0	0	0	0
1005	野果	6	0	1	0	1	2	100	99999999	0	0	1	0	1	0	0	0	0	0	0	0	0	0
1014	粗大的木棒	6	0	1	0	1	2	100	99999999	0	0	1	0	1	0	0	0	0	0	0	0	0	0
1021	风铃草	6	0	1	0	1	2	100	99999999	0	0	1	0	1	0	0	0	0	0	0	0	0	0
1023	野果	6	0	1	0	1	2	100	99999999	0	0	1	0	1	0	0	0	0	0	0	0	0	0
1044	风铃草	6	0	1	0	1	2	100	99999999	0	0	1	0	1	0	0	0	0	0	0	0	0	0
1045	元阳草	6	0	1	0	1	2	100	99999999	0	0	1	0	1	0	0	0	0	0	0	0	0	0
1050	虎尾草	6	0	1	0	1	2	100	99999999	0	0	1	0	1	0	0	0	0	0	0	0	0	0
1051	硫磺	6	0	1	0	1	2	100	99999999	0	0	1	0	1	0	0	0	0	0	0	0	0	0
1052	元阳草	6	0	1	0	1	2	100	99999999	0	0	1	0	1	0	0	0	0	0	0	0	0	0
1053	龙阳草	6	0	1	0	1	2	100	99999999	0	0	1	0	1	0	0	0	0	0	0	0	0	0
1054	蛇尾草	6	0	1	0	1	2	100	99999999	0	0	1	0	1	0	0	0	0	0	0	0	0	0
1055	宁心草	6	0	1	0	1	2	100	99999999	0	0	1	0	1	0	0	0	0	0	0	0	0	0
1056	九叶雪莲	6	0	1	0	1	2	100	99999999	0	0	1	0	1	0	0	0	0	0	0	0	0	0
1057	风铃草	6	0	1	0	1	2	100	99999999	0	0	1	0	1	0	0	0	0	0	0	0	0	0
1058	火绒草	6	0	1	0	1	2	100	99999999	0	0	1	0	1	0	0	0	0	0	0	0	0	0
1059	燧火石	6	0	1	0	1	2	100	99999999	0	0	1	0	1	0	0	0	0	0	0	0	0	0
1060	燧火石	6	0	1	0	1	2	100	99999999	0	0	1	0	1	0	0	0	0	0	0	0	0	0
1061	新手衣服	1	2	1	0	1	2	1	1	309	0	2	33951	0	0	0	0	0	0	0	0	0	0
1062	新手剑	1	11	1	2	1	2	1	1	303	0	2	33951	0	0	0	18	0	0	0	0	0	0
1063	新手斧	1	11	1	2	1	2	1	1	303	0	2	33951	0	0	0	18	0	0	0	0	0	0
1064	新手弓	1	11	1	2	1	2	1	1	303	0	2	33951	0	0	0	18	0	0	0	0	0	0
10001	青铜护符	1	1	1	1	10	2	1	1	315	0	2	33951	0	0	0	18	0	0	0	0	0	0
10002	黑钢护符	1	1	1	1	20	2	1	1	369	0	2	33951	0	0	0	29	0	0	0	0	0	0
10003	白银护符	1	1	1	1	30	2	1	1	399	0	2	33951	0	0	0	43	0	0	0	0	0	0
10004	饰金护符	1	1	1	1	40	2	1	1	429	0	2	33951	0	0	0	63	0	0	0	0	0	0
10005	乌金护符	1	1	1	1	50	2	1	1	459	0	2	33951	0	0	0	88	0	0	0	0	0	0
10006	鱼鳞护符	1	1	1	1	60	2	1	1	489	0	2	33951	0	0	0	118	0	0	0	0	0	0
10007	金丝护符	1	1	1	1	70	2	1	1	519	0	2	33951	0	0	0	154	0	0	0	0	0	0
10008	勇士护符	1	1	1	1	80	2	1	1	549	0	2	33951	0	0	0	200	0	0	0	0	0	0
10009	猛将护符	1	1	1	1	90	2	1	1	579	0	2	33951	0	0	0	259	0	0	0	0	0	0
10101	迎风护符	1	1	1	2	10	2	1	1	315	0	2	33951	0	0	0	18	0	0	0	0	0	0
10102	云纹护符	1	1	1	2	20	2	1	1	369	0	2	33951	0	0	0	29	0	0	0	0	0	0
10103	明月护符	1	1	1	2	30	2	1	1	399	0	2	33951	0	0	0	43	0	0	0	0	0	0
10104	流萤护符	1	1	1	2	40	2	1	1	429	0	2	33951	0	0	0	63	0	0	0	0	0	0
10105	逍遥护符	1	1	1	2	50	2	1	1	459	0	2	33951	0	0	0	88	0	0	0	0	0	0
10106	仙灵护符	1	1	1	2	60	2	1	1	489	0	2	33951	0	0	0	118	0	0	0	0	0	0
10107	御雷护符	1	1	1	2	70	2	1	1	519	0	2	33951	0	0	0	154	0	0	0	0	0	0
10108	碧霞护符	1	1	1	2	80	2	1	1	549	0	2	33951	0	0	0	200	0	0	0	0	0	0
10109	乾坤护符	1	1	1	2	90	2	1	1	579	0	2	33951	0	0	0	259	0	0	0	0	0	0
10201	白羽护符	1	1	1	3	10	2	1	1	315	0	2	33951	0	0	0	18	0	0	0	0	0	0
10202	苍狼护符	1	1	1	3	20	2	1	1	369	0	2	33951	0	0	0	29	0	0	0	0	0	0
10203	飞豹护符	1	1	1	3	30	2	1	1	399	0	2	33951	0	0	0	43	0	0	0	0	0	0
10204	猛虎护符	1	1	1	3	40	2	1	1	429	0	2	33951	0	0	0	63	0	0	0	0	0	0
10205	神鹰护符	1	1	1	3	50	2	1	1	459	0	2	33951	0	0	0	88	0	0	0	0	0	0
10206	凤凰护符	1	1	1	3	60	2	1	1	489	0	2	33951	0	0	0	118	0	0	0	0	0	0
10207	亢龙护符	1	1	1	3	70	2	1	1	519	0	2	33951	0	0	0	154	0	0	0	0	0	0
10208	翔云护符	1	1	1	3	80	2	1	1	549	0	2	33951	0	0	0	200	0	0	0	0	0	0
10209	霓虹护符	1	1	1	3	90	2	1	1	579	0	2	33951	0	0	0	259	0	0	0	0	0	0
11001	青铜铠	1	2	1	1	10	2	1	1	309	0	2	33951	0	0	0	0	28	0	0	0	0	0
11002	黑钢铠	1	2	1	1	20	2	1	1	366	0	2	33951	0	0	0	0	46	0	0	0	0	0
11003	白银铠	1	2	1	1	30	2	1	1	396	0	2	33951	0	0	0	0	68	0	0	0	0	0
11004	饰金铠	1	2	1	1	40	2	1	1	426	0	2	33951	0	0	0	0	100	0	0	0	0	0
11005	乌金铠	1	2	1	1	50	2	1	1	456	0	2	33951	0	0	0	0	140	0	0	0	0	0
11006	鱼鳞铠	1	2	1	1	60	2	1	1	486	0	2	33951	0	0	0	0	188	0	0	0	0	0
11007	金丝铠	1	2	1	1	70	2	1	1	516	0	2	33951	0	0	0	0	246	0	0	0	0	0
11008	勇士铠	1	2	1	1	80	2	1	1	546	0	2	33951	0	0	0	0	320	0	0	0	0	0
11009	猛将铠	1	2	1	1	90	2	1	1	576	0	2	33951	0	0	0	0	414	0	0	0	0	0
11101	迎风衫	1	2	1	2	10	2	1	1	309	0	2	33951	0	0	0	0	28	0	0	0	0	0
11102	云纹衫	1	2	1	2	20	2	1	1	366	0	2	33951	0	0	0	0	46	0	0	0	0	0
11103	明月衫	1	2	1	2	30	2	1	1	396	0	2	33951	0	0	0	0	68	0	0	0	0	0
11104	流萤衫	1	2	1	2	40	2	1	1	426	0	2	33951	0	0	0	0	100	0	0	0	0	0
11105	逍遥衫	1	2	1	2	50	2	1	1	456	0	2	33951	0	0	0	0	140	0	0	0	0	0
11106	仙灵衫	1	2	1	2	60	2	1	1	486	0	2	33951	0	0	0	0	188	0	0	0	0	0
11107	御雷衫	1	2	1	2	70	2	1	1	516	0	2	33951	0	0	0	0	246	0	0	0	0	0
11108	碧霞衫	1	2	1	2	80	2	1	1	546	0	2	33951	0	0	0	0	320	0	0	0	0	0
11109	乾坤衫	1	2	1	2	90	2	1	1	576	0	2	33951	0	0	0	0	414	0	0	0	0	0
11201	白羽甲	1	2	1	3	10	2	1	1	309	0	2	33951	0	0	0	0	28	0	0	0	0	0
11202	苍狼甲	1	2	1	3	20	2	1	1	366	0	2	33951	0	0	0	0	46	0	0	0	0	0
11203	飞豹甲	1	2	1	3	30	2	1	1	396	0	2	33951	0	0	0	0	68	0	0	0	0	0
11204	猛虎甲	1	2	1	3	40	2	1	1	426	0	2	33951	0	0	0	0	100	0	0	0	0	0
11205	神鹰甲	1	2	1	3	50	2	1	1	456	0	2	33951	0	0	0	0	140	0	0	0	0	0
11206	凤凰甲	1	2	1	3	60	2	1	1	486	0	2	33951	0	0	0	0	188	0	0	0	0	0
11207	亢龙甲	1	2	1	3	70	2	1	1	516	0	2	33951	0	0	0	0	246	0	0	0	0	0
11208	翔云甲	1	2	1	3	80	2	1	1	546	0	2	33951	0	0	0	0	320	0	0	0	0	0
11209	霓虹甲	1	2	1	3	90	2	1	1	576	0	2	33951	0	0	0	0	414	0	0	0	0	0
12001	青铜护手	1	3	1	1	10	2	1	1	345	0	2	33951	0	0	0	0	28	0	0	0	0	0
12002	黑钢护手	1	3	1	1	20	2	1	1	375	0	2	33951	0	0	0	0	46	0	0	0	0	0
12003	白银护手	1	3	1	1	30	2	1	1	405	0	2	33951	0	0	0	0	68	0	0	0	0	0
12004	饰金护手	1	3	1	1	40	2	1	1	435	0	2	33951	0	0	0	0	100	0	0	0	0	0
12005	乌金护手	1	3	1	1	50	2	1	1	465	0	2	33951	0	0	0	0	140	0	0	0	0	0
12006	鱼鳞护手	1	3	1	1	60	2	1	1	495	0	2	33951	0	0	0	0	188	0	0	0	0	0
12007	金丝护手	1	3	1	1	70	2	1	1	525	0	2	33951	0	0	0	0	246	0	0	0	0	0
12008	勇士护手	1	3	1	1	80	2	1	1	555	0	2	33951	0	0	0	0	320	0	0	0	0	0
12009	猛将护手	1	3	1	1	90	2	1	1	585	0	2	33951	0	0	0	0	414	0	0	0	0	0
12101	迎风护手	1	3	1	2	10	2	1	1	345	0	2	33951	0	0	0	0	28	0	0	0	0	0
12102	云纹护手	1	3	1	2	20	2	1	1	375	0	2	33951	0	0	0	0	46	0	0	0	0	0
12103	明月护手	1	3	1	2	30	2	1	1	405	0	2	33951	0	0	0	0	68	0	0	0	0	0
12104	流萤护手	1	3	1	2	40	2	1	1	435	0	2	33951	0	0	0	0	100	0	0	0	0	0
12105	逍遥护手	1	3	1	2	50	2	1	1	465	0	2	33951	0	0	0	0	140	0	0	0	0	0
12106	仙灵护手	1	3	1	2	60	2	1	1	495	0	2	33951	0	0	0	0	188	0	0	0	0	0
12107	御雷护手	1	3	1	2	70	2	1	1	525	0	2	33951	0	0	0	0	246	0	0	0	0	0
12108	碧霞护手	1	3	1	2	80	2	1	1	555	0	2	33951	0	0	0	0	320	0	0	0	0	0
12109	乾坤护手	1	3	1	2	90	2	1	1	585	0	2	33951	0	0	0	0	414	0	0	0	0	0
12201	白羽护手	1	3	1	3	10	2	1	1	345	0	2	33951	0	0	0	0	28	0	0	0	0	0
12202	苍狼护手	1	3	1	3	20	2	1	1	375	0	2	33951	0	0	0	0	46	0	0	0	0	0
12203	飞豹护手	1	3	1	3	30	2	1	1	405	0	2	33951	0	0	0	0	68	0	0	0	0	0
12204	猛虎护手	1	3	1	3	40	2	1	1	435	0	2	33951	0	0	0	0	100	0	0	0	0	0
12205	神鹰护手	1	3	1	3	50	2	1	1	465	0	2	33951	0	0	0	0	140	0	0	0	0	0
12206	凤凰护手	1	3	1	3	60	2	1	1	495	0	2	33951	0	0	0	0	188	0	0	0	0	0
12207	亢龙护手	1	3	1	3	70	2	1	1	525	0	2	33951	0	0	0	0	246	0	0	0	0	0
12208	翔云护手	1	3	1	3	80	2	1	1	555	0	2	33951	0	0	0	0	320	0	0	0	0	0
12209	霓虹护手	1	3	1	3	90	2	1	1	585	0	2	33951	0	0	0	0	414	0	0	0	0	0
13001	青铜腰带	1	4	1	1	10	2	1	1	333	0	2	33951	0	0	0	0	28	0	0	0	0	0
13002	黑钢腰带	1	4	1	1	20	2	1	1	378	0	2	33951	0	0	0	0	46	0	0	0	0	0
13003	白银腰带	1	4	1	1	30	2	1	1	408	0	2	33951	0	0	0	0	68	0	0	0	0	0
13004	饰金腰带	1	4	1	1	40	2	1	1	438	0	2	33951	0	0	0	0	100	0	0	0	0	0
13005	乌金腰带	1	4	1	1	50	2	1	1	468	0	2	33951	0	0	0	0	140	0	0	0	0	0
13006	鱼鳞腰带	1	4	1	1	60	2	1	1	498	0	2	33951	0	0	0	0	188	0	0	0	0	0
13007	金丝腰带	1	4	1	1	70	2	1	1	528	0	2	33951	0	0	0	0	246	0	0	0	0	0
13008	勇士腰带	1	4	1	1	80	2	1	1	558	0	2	33951	0	0	0	0	320	0	0	0	0	0
13009	猛将腰带	1	4	1	1	90	2	1	1	588	0	2	33951	0	0	0	0	414	0	0	0	0	0
13101	迎风腰带	1	4	1	2	10	2	1	1	333	0	2	33951	0	0	0	0	28	0	0	0	0	0
13102	云纹腰带	1	4	1	2	20	2	1	1	378	0	2	33951	0	0	0	0	46	0	0	0	0	0
13103	明月腰带	1	4	1	2	30	2	1	1	408	0	2	33951	0	0	0	0	68	0	0	0	0	0
13104	流萤腰带	1	4	1	2	40	2	1	1	438	0	2	33951	0	0	0	0	100	0	0	0	0	0
13105	逍遥腰带	1	4	1	2	50	2	1	1	468	0	2	33951	0	0	0	0	140	0	0	0	0	0
13106	仙灵腰带	1	4	1	2	60	2	1	1	498	0	2	33951	0	0	0	0	188	0	0	0	0	0
13107	御雷腰带	1	4	1	2	70	2	1	1	528	0	2	33951	0	0	0	0	246	0	0	0	0	0
13108	碧霞腰带	1	4	1	2	80	2	1	1	558	0	2	33951	0	0	0	0	320	0	0	0	0	0
13109	乾坤腰带	1	4	1	2	90	2	1	1	588	0	2	33951	0	0	0	0	414	0	0	0	0	0
13201	白羽腰带	1	4	1	3	10	2	1	1	333	0	2	33951	0	0	0	0	28	0	0	0	0	0
13202	苍狼腰带	1	4	1	3	20	2	1	1	378	0	2	33951	0	0	0	0	46	0	0	0	0	0
13203	飞豹腰带	1	4	1	3	30	2	1	1	408	0	2	33951	0	0	0	0	68	0	0	0	0	0
13204	猛虎腰带	1	4	1	3	40	2	1	1	438	0	2	33951	0	0	0	0	100	0	0	0	0	0
13205	神鹰腰带	1	4	1	3	50	2	1	1	468	0	2	33951	0	0	0	0	140	0	0	0	0	0
13206	凤凰腰带	1	4	1	3	60	2	1	1	498	0	2	33951	0	0	0	0	188	0	0	0	0	0
13207	亢龙腰带	1	4	1	3	70	2	1	1	528	0	2	33951	0	0	0	0	246	0	0	0	0	0
13208	翔云腰带	1	4	1	3	80	2	1	1	558	0	2	33951	0	0	0	0	320	0	0	0	0	0
13209	霓虹腰带	1	4	1	3	90	2	1	1	588	0	2	33951	0	0	0	0	414	0	0	0	0	0
14001	青铜腿甲	1	5	1	1	10	2	1	1	357	0	2	33951	0	0	0	0	28	0	0	0	0	0
14002	黑钢腿甲	1	5	1	1	20	2	1	1	384	0	2	33951	0	0	0	0	46	0	0	0	0	0
14003	白银腿甲	1	5	1	1	30	2	1	1	414	0	2	33951	0	0	0	0	68	0	0	0	0	0
14004	饰金腿甲	1	5	1	1	40	2	1	1	444	0	2	33951	0	0	0	0	100	0	0	0	0	0
14005	乌金腿甲	1	5	1	1	50	2	1	1	474	0	2	33951	0	0	0	0	140	0	0	0	0	0
14006	鱼鳞腿甲	1	5	1	1	60	2	1	1	504	0	2	33951	0	0	0	0	188	0	0	0	0	0
14007	金丝腿甲	1	5	1	1	70	2	1	1	534	0	2	33951	0	0	0	0	246	0	0	0	0	0
14008	勇士腿甲	1	5	1	1	80	2	1	1	564	0	2	33951	0	0	0	0	320	0	0	0	0	0
14009	猛将腿甲	1	5	1	1	90	2	1	1	594	0	2	33951	0	0	0	0	414	0	0	0	0	0
14101	迎风护腿	1	5	1	2	10	2	1	1	357	0	2	33951	0	0	0	0	28	0	0	0	0	0
14102	云纹护腿	1	5	1	2	20	2	1	1	384	0	2	33951	0	0	0	0	46	0	0	0	0	0
14103	明月护腿	1	5	1	2	30	2	1	1	414	0	2	33951	0	0	0	0	68	0	0	0	0	0
14104	流萤护腿	1	5	1	2	40	2	1	1	444	0	2	33951	0	0	0	0	100	0	0	0	0	0
14105	逍遥护腿	1	5	1	2	50	2	1	1	474	0	2	33951	0	0	0	0	140	0	0	0	0	0
14106	仙灵护腿	1	5	1	2	60	2	1	1	504	0	2	33951	0	0	0	0	188	0	0	0	0	0
14107	御雷护腿	1	5	1	2	70	2	1	1	534	0	2	33951	0	0	0	0	246	0	0	0	0	0
14108	碧霞护腿	1	5	1	2	80	2	1	1	564	0	2	33951	0	0	0	0	320	0	0	0	0	0
14109	乾坤护腿	1	5	1	2	90	2	1	1	594	0	2	33951	0	0	0	0	414	0	0	0	0	0
14201	白羽护腿	1	5	1	3	10	2	1	1	357	0	2	33951	0	0	0	0	28	0	0	0	0	0
14202	苍狼护腿	1	5	1	3	20	2	1	1	384	0	2	33951	0	0	0	0	46	0	0	0	0	0
14203	飞豹护腿	1	5	1	3	30	2	1	1	414	0	2	33951	0	0	0	0	68	0	0	0	0	0
14204	猛虎护腿	1	5	1	3	40	2	1	1	444	0	2	33951	0	0	0	0	100	0	0	0	0	0
14205	神鹰护腿	1	5	1	3	50	2	1	1	474	0	2	33951	0	0	0	0	140	0	0	0	0	0
14206	凤凰护腿	1	5	1	3	60	2	1	1	504	0	2	33951	0	0	0	0	188	0	0	0	0	0
14207	亢龙护腿	1	5	1	3	70	2	1	1	534	0	2	33951	0	0	0	0	246	0	0	0	0	0
14208	翔云护腿	1	5	1	3	80	2	1	1	564	0	2	33951	0	0	0	0	320	0	0	0	0	0
14209	霓虹护腿	1	5	1	3	90	2	1	1	594	0	2	33951	0	0	0	0	414	0	0	0	0	0
15001	青铜项链	1	6	1	1	10	2	1	1	321	0	2	33951	0	0	0	18	0	0	0	0	0	0
15002	黑钢项链	1	6	1	1	20	2	1	1	372	0	2	33951	0	0	0	29	0	0	0	0	0	0
15003	白银项链	1	6	1	1	30	2	1	1	402	0	2	33951	0	0	0	43	0	0	0	0	0	0
15004	饰金项链	1	6	1	1	40	2	1	1	432	0	2	33951	0	0	0	63	0	0	0	0	0	0
15005	乌金项链	1	6	1	1	50	2	1	1	462	0	2	33951	0	0	0	88	0	0	0	0	0	0
15006	鱼鳞项链	1	6	1	1	60	2	1	1	492	0	2	33951	0	0	0	118	0	0	0	0	0	0
15007	金丝项链	1	6	1	1	70	2	1	1	522	0	2	33951	0	0	0	154	0	0	0	0	0	0
15008	勇士项链	1	6	1	1	80	2	1	1	552	0	2	33951	0	0	0	200	0	0	0	0	0	0
15009	猛将项链	1	6	1	1	90	2	1	1	582	0	2	33951	0	0	0	259	0	0	0	0	0	0
15101	迎风项链	1	6	1	2	10	2	1	1	321	0	2	33951	0	0	0	18	0	0	0	0	0	0
15102	云纹项链	1	6	1	2	20	2	1	1	372	0	2	33951	0	0	0	29	0	0	0	0	0	0
15103	明月项链	1	6	1	2	30	2	1	1	402	0	2	33951	0	0	0	43	0	0	0	0	0	0
15104	流萤项链	1	6	1	2	40	2	1	1	432	0	2	33951	0	0	0	63	0	0	0	0	0	0
15105	逍遥项链	1	6	1	2	50	2	1	1	462	0	2	33951	0	0	0	88	0	0	0	0	0	0
15106	仙灵项链	1	6	1	2	60	2	1	1	492	0	2	33951	0	0	0	118	0	0	0	0	0	0
15107	御雷项链	1	6	1	2	70	2	1	1	522	0	2	33951	0	0	0	154	0	0	0	0	0	0
15108	碧霞项链	1	6	1	2	80	2	1	1	552	0	2	33951	0	0	0	200	0	0	0	0	0	0
15109	乾坤项链	1	6	1	2	90	2	1	1	582	0	2	33951	0	0	0	259	0	0	0	0	0	0
15201	白羽项链	1	6	1	3	10	2	1	1	321	0	2	33951	0	0	0	18	0	0	0	0	0	0
15202	苍狼项链	1	6	1	3	20	2	1	1	372	0	2	33951	0	0	0	29	0	0	0	0	0	0
15203	飞豹项链	1	6	1	3	30	2	1	1	402	0	2	33951	0	0	0	43	0	0	0	0	0	0
15204	猛虎项链	1	6	1	3	40	2	1	1	432	0	2	33951	0	0	0	63	0	0	0	0	0	0
15205	神鹰项链	1	6	1	3	50	2	1	1	462	0	2	33951	0	0	0	88	0	0	0	0	0	0
15206	凤凰项链	1	6	1	3	60	2	1	1	492	0	2	33951	0	0	0	118	0	0	0	0	0	0
15207	亢龙项链	1	6	1	3	70	2	1	1	522	0	2	33951	0	0	0	154	0	0	0	0	0	0
15208	翔云项链	1	6	1	3	80	2	1	1	552	0	2	33951	0	0	0	200	0	0	0	0	0	0
15209	霓虹项链	1	6	1	3	90	2	1	1	582	0	2	33951	0	0	0	259	0	0	0	0	0	0
16001	青铜戒指	1	7	1	1	10	2	1	1	339	0	2	33951	0	0	0	18	0	0	0	0	0	0
16002	黑钢戒指	1	7	1	1	20	2	1	1	381	0	2	33951	0	0	0	29	0	0	0	0	0	0
16003	白银戒指	1	7	1	1	30	2	1	1	411	0	2	33951	0	0	0	43	0	0	0	0	0	0
16004	饰金戒指	1	7	1	1	40	2	1	1	441	0	2	33951	0	0	0	63	0	0	0	0	0	0
16005	乌金戒指	1	7	1	1	50	2	1	1	471	0	2	33951	0	0	0	88	0	0	0	0	0	0
16006	鱼鳞戒指	1	7	1	1	60	2	1	1	501	0	2	33951	0	0	0	118	0	0	0	0	0	0
16007	金丝戒指	1	7	1	1	70	2	1	1	531	0	2	33951	0	0	0	154	0	0	0	0	0	0
16008	勇士戒指	1	7	1	1	80	2	1	1	561	0	2	33951	0	0	0	200	0	0	0	0	0	0
16009	猛将戒指	1	7	1	1	90	2	1	1	591	0	2	33951	0	0	0	259	0	0	0	0	0	0
16101	迎风戒指	1	7	1	2	10	2	1	1	339	0	2	33951	0	0	0	18	0	0	0	0	0	0
16102	云纹戒指	1	7	1	2	20	2	1	1	381	0	2	33951	0	0	0	29	0	0	0	0	0	0
16103	明月戒指	1	7	1	2	30	2	1	1	411	0	2	33951	0	0	0	43	0	0	0	0	0	0
16104	流萤戒指	1	7	1	2	40	2	1	1	441	0	2	33951	0	0	0	63	0	0	0	0	0	0
16105	逍遥戒指	1	7	1	2	50	2	1	1	471	0	2	33951	0	0	0	88	0	0	0	0	0	0
16106	仙灵戒指	1	7	1	2	60	2	1	1	501	0	2	33951	0	0	0	118	0	0	0	0	0	0
16107	御雷戒指	1	7	1	2	70	2	1	1	531	0	2	33951	0	0	0	154	0	0	0	0	0	0
16108	碧霞戒指	1	7	1	2	80	2	1	1	561	0	2	33951	0	0	0	200	0	0	0	0	0	0
16109	乾坤戒指	1	7	1	2	90	2	1	1	591	0	2	33951	0	0	0	259	0	0	0	0	0	0
16201	白羽戒指	1	7	1	3	10	2	1	1	339	0	2	33951	0	0	0	18	0	0	0	0	0	0
16202	苍狼戒指	1	7	1	3	20	2	1	1	381	0	2	33951	0	0	0	29	0	0	0	0	0	0
16203	飞豹戒指	1	7	1	3	30	2	1	1	411	0	2	33951	0	0	0	43	0	0	0	0	0	0
16204	猛虎戒指	1	7	1	3	40	2	1	1	441	0	2	33951	0	0	0	63	0	0	0	0	0	0
16205	神鹰戒指	1	7	1	3	50	2	1	1	471	0	2	33951	0	0	0	88	0	0	0	0	0	0
16206	凤凰戒指	1	7	1	3	60	2	1	1	501	0	2	33951	0	0	0	118	0	0	0	0	0	0
16207	亢龙戒指	1	7	1	3	70	2	1	1	531	0	2	33951	0	0	0	154	0	0	0	0	0	0
16208	翔云戒指	1	7	1	3	80	2	1	1	561	0	2	33951	0	0	0	200	0	0	0	0	0	0
16209	霓虹戒指	1	7	1	3	90	2	1	1	591	0	2	33951	0	0	0	259	0	0	0	0	0	0
17001	青铜手镯	1	8	1	1	10	2	1	1	351	0	2	33951	0	0	0	18	0	0	0	0	0	0
17002	黑钢手镯	1	8	1	1	20	2	1	1	387	0	2	33951	0	0	0	29	0	0	0	0	0	0
17003	白银手镯	1	8	1	1	30	2	1	1	417	0	2	33951	0	0	0	43	0	0	0	0	0	0
17004	饰金手镯	1	8	1	1	40	2	1	1	447	0	2	33951	0	0	0	63	0	0	0	0	0	0
17005	乌金手镯	1	8	1	1	50	2	1	1	477	0	2	33951	0	0	0	88	0	0	0	0	0	0
17006	鱼鳞手镯	1	8	1	1	60	2	1	1	507	0	2	33951	0	0	0	118	0	0	0	0	0	0
17007	金丝手镯	1	8	1	1	70	2	1	1	537	0	2	33951	0	0	0	154	0	0	0	0	0	0
17008	勇士手镯	1	8	1	1	80	2	1	1	567	0	2	33951	0	0	0	200	0	0	0	0	0	0
17009	猛将手镯	1	8	1	1	90	2	1	1	597	0	2	33951	0	0	0	259	0	0	0	0	0	0
17101	迎风手镯	1	8	1	2	10	2	1	1	351	0	2	33951	0	0	0	18	0	0	0	0	0	0
17102	云纹手镯	1	8	1	2	20	2	1	1	387	0	2	33951	0	0	0	29	0	0	0	0	0	0
17103	明月手镯	1	8	1	2	30	2	1	1	417	0	2	33951	0	0	0	43	0	0	0	0	0	0
17104	流萤手镯	1	8	1	2	40	2	1	1	447	0	2	33951	0	0	0	63	0	0	0	0	0	0
17105	逍遥手镯	1	8	1	2	50	2	1	1	477	0	2	33951	0	0	0	88	0	0	0	0	0	0
17106	仙灵手镯	1	8	1	2	60	2	1	1	507	0	2	33951	0	0	0	118	0	0	0	0	0	0
17107	御雷手镯	1	8	1	2	70	2	1	1	537	0	2	33951	0	0	0	154	0	0	0	0	0	0
17108	碧霞手镯	1	8	1	2	80	2	1	1	567	0	2	33951	0	0	0	200	0	0	0	0	0	0
17109	乾坤手镯	1	8	1	2	90	2	1	1	597	0	2	33951	0	0	0	259	0	0	0	0	0	0
17201	白羽手镯	1	8	1	3	10	2	1	1	351	0	2	33951	0	0	0	18	0	0	0	0	0	0
17202	苍狼手镯	1	8	1	3	20	2	1	1	387	0	2	33951	0	0	0	29	0	0	0	0	0	0
17203	飞豹手镯	1	8	1	3	30	2	1	1	417	0	2	33951	0	0	0	43	0	0	0	0	0	0
17204	猛虎手镯	1	8	1	3	40	2	1	1	447	0	2	33951	0	0	0	63	0	0	0	0	0	0
17205	神鹰手镯	1	8	1	3	50	2	1	1	477	0	2	33951	0	0	0	88	0	0	0	0	0	0
17206	凤凰手镯	1	8	1	3	60	2	1	1	507	0	2	33951	0	0	0	118	0	0	0	0	0	0
17207	亢龙手镯	1	8	1	3	70	2	1	1	537	0	2	33951	0	0	0	154	0	0	0	0	0	0
17208	翔云手镯	1	8	1	3	80	2	1	1	567	0	2	33951	0	0	0	200	0	0	0	0	0	0
17209	霓虹手镯	1	8	1	3	90	2	1	1	597	0	2	33951	0	0	0	259	0	0	0	0	0	0
18001	青铜靴	1	9	1	1	10	2	1	1	327	0	2	33951	0	0	0	0	28	0	0	0	0	0
18002	黑钢靴	1	9	1	1	20	2	1	1	360	0	2	33951	0	0	0	0	46	0	0	0	0	0
18003	白银靴	1	9	1	1	30	2	1	1	390	0	2	33951	0	0	0	0	68	0	0	0	0	0
18004	饰金靴	1	9	1	1	40	2	1	1	420	0	2	33951	0	0	0	0	100	0	0	0	0	0
18005	乌金靴	1	9	1	1	50	2	1	1	450	0	2	33951	0	0	0	0	140	0	0	0	0	0
18006	鱼鳞靴	1	9	1	1	60	2	1	1	480	0	2	33951	0	0	0	0	188	0	0	0	0	0
18007	金丝靴	1	9	1	1	70	2	1	1	510	0	2	33951	0	0	0	0	246	0	0	0	0	0
18008	勇士靴	1	9	1	1	80	2	1	1	540	0	2	33951	0	0	0	0	320	0	0	0	0	0
18009	猛将靴	1	9	1	1	90	2	1	1	570	0	2	33951	0	0	0	0	414	0	0	0	0	0
18101	迎风履	1	9	1	2	10	2	1	1	327	0	2	33951	0	0	0	0	28	0	0	0	0	0
18102	云纹履	1	9	1	2	20	2	1	1	360	0	2	33951	0	0	0	0	46	0	0	0	0	0
18103	明月履	1	9	1	2	30	2	1	1	390	0	2	33951	0	0	0	0	68	0	0	0	0	0
18104	流萤履	1	9	1	2	40	2	1	1	420	0	2	33951	0	0	0	0	100	0	0	0	0	0
18105	逍遥履	1	9	1	2	50	2	1	1	450	0	2	33951	0	0	0	0	140	0	0	0	0	0
18106	仙灵履	1	9	1	2	60	2	1	1	480	0	2	33951	0	0	0	0	188	0	0	0	0	0
18107	御雷履	1	9	1	2	70	2	1	1	510	0	2	33951	0	0	0	0	246	0	0	0	0	0
18108	碧霞履	1	9	1	2	80	2	1	1	540	0	2	33951	0	0	0	0	320	0	0	0	0	0
18109	乾坤履	1	9	1	2	90	2	1	1	570	0	2	33951	0	0	0	0	414	0	0	0	0	0
18201	白羽鞋	1	9	1	3	10	2	1	1	327	0	2	33951	0	0	0	0	28	0	0	0	0	0
18202	苍狼鞋	1	9	1	3	20	2	1	1	360	0	2	33951	0	0	0	0	46	0	0	0	0	0
18203	飞豹鞋	1	9	1	3	30	2	1	1	390	0	2	33951	0	0	0	0	68	0	0	0	0	0
18204	猛虎鞋	1	9	1	3	40	2	1	1	420	0	2	33951	0	0	0	0	100	0	0	0	0	0
18205	神鹰鞋	1	9	1	3	50	2	1	1	450	0	2	33951	0	0	0	0	140	0	0	0	0	0
18206	凤凰鞋	1	9	1	3	60	2	1	1	480	0	2	33951	0	0	0	0	188	0	0	0	0	0
18207	亢龙鞋	1	9	1	3	70	2	1	1	510	0	2	33951	0	0	0	0	246	0	0	0	0	0
18208	翔云鞋	1	9	1	3	80	2	1	1	540	0	2	33951	0	0	0	0	320	0	0	0	0	0
18209	霓虹鞋	1	9	1	3	90	2	1	1	570	0	2	33951	0	0	0	0	414	0	0	0	0	0
19001	青铜斧	1	10	1	1	10	2	1	1	303	0	2	33951	0	0	0	18	0	0	0	0	0	0
19002	锯齿斧	1	10	1	1	20	2	1	1	363	0	2	33951	0	0	0	29	0	0	0	0	0	0
19003	镔铁斧	1	10	1	1	30	2	1	1	393	0	2	33951	0	0	0	43	0	0	0	0	0	0
19004	开山斧	1	10	1	1	40	2	1	1	423	0	2	33951	0	0	0	63	0	0	0	0	0	0
19005	战迅斧	1	10	1	1	50	2	1	1	453	0	2	33951	0	0	0	88	0	0	0	0	0	0
19006	宣花斧	1	10	1	1	60	2	1	1	483	0	2	33951	0	0	0	118	0	0	0	0	0	0
19007	玄铁斧	1	10	1	1	70	2	1	1	513	0	2	33951	0	0	0	154	0	0	0	0	0	0
19008	湛金斧	1	10	1	1	80	2	1	1	543	0	2	33951	0	0	0	200	0	0	0	0	0	0
19009	屠龙斧	1	10	1	1	90	2	1	1	573	0	2	33951	0	0	0	259	0	0	0	0	0	0
19101	桃木剑	1	11	1	2	10	2	1	1	303	0	2	33951	0	0	0	18	0	0	0	0	0	0
19102	青铜剑	1	11	1	2	20	2	1	1	363	0	2	33951	0	0	0	29	0	0	0	0	0	0
19103	青锋剑	1	11	1	2	30	2	1	1	393	0	2	33951	0	0	0	43	0	0	0	0	0	0
19104	吴越剑	1	11	1	2	40	2	1	1	423	0	2	33951	0	0	0	63	0	0	0	0	0	0
19105	辟邪剑	1	11	1	2	50	2	1	1	453	0	2	33951	0	0	0	88	0	0	0	0	0	0
19106	七星剑	1	11	1	2	60	2	1	1	483	0	2	33951	0	0	0	118	0	0	0	0	0	0
19107	神农剑	1	11	1	2	70	2	1	1	513	0	2	33951	0	0	0	154	0	0	0	0	0	0
19108	金光剑	1	11	1	2	80	2	1	1	543	0	2	33951	0	0	0	200	0	0	0	0	0	0
19109	倚天剑	1	11	1	2	90	2	1	1	573	0	2	33951	0	0	0	259	0	0	0	0	0	0
19201	柳木弓	1	12	1	3	10	2	1	1	303	0	2	33951	0	0	0	18	0	0	0	0	0	0
19202	古藤弓	1	12	1	3	20	2	1	1	363	0	2	33951	0	0	0	29	0	0	0	0	0	0
19203	白桦弓	1	12	1	3	30	2	1	1	393	0	2	33951	0	0	0	43	0	0	0	0	0	0
19204	铁胎弓	1	12	1	3	40	2	1	1	423	0	2	33951	0	0	0	63	0	0	0	0	0	0
19205	金丝弓	1	12	1	3	50	2	1	1	453	0	2	33951	0	0	0	88	0	0	0	0	0	0
19206	疾风弓	1	12	1	3	60	2	1	1	483	0	2	33951	0	0	0	118	0	0	0	0	0	0
19207	玉腰弓	1	12	1	3	70	2	1	1	513	0	2	33951	0	0	0	154	0	0	0	0	0	0
19208	穿云弓	1	12	1	3	80	2	1	1	543	0	2	33951	0	0	0	200	0	0	0	0	0	0
19209	射日弓	1	12	1	3	90	2	1	1	573	0	2	33951	0	0	0	259	0	0	0	0	0	0
20000	坐骑培养丹	12	3	1	0	1	2	999	1	1	0	0	1183	3	0	0	0	0	0	100	0	0	0
20001	灰狼	25	0	1	0	1	2	1	1	1	0	1	1695	0	0	0	0	20	20	20	20	20	20
20002	雪玉	25	0	1	0	1	2	1	1	1	0	1	1695	1	0	0	0	30	30	30	30	30	30
20003	蓝影	25	0	1	0	1	2	1	1	1	0	1	1695	2	0	0	0	40	40	40	40	40	40
20004	紫电	25	0	1	0	1	2	1	1	1	0	1	1695	3	0	0	0	50	50	50	50	50	50
20005	黄煌	25	0	1	0	1	2	1	1	1	0	1	1695	4	0	0	0	60	60	60	60	60	60
20006	银辉	25	0	1	0	1	2	1	1	1	0	1	1695	2	0	0	0	70	70	70	70	70	70
20008	乌烟	25	0	1	0	1	2	1	1	1	0	1	1695	4	0	0	0	90	90	90	90	90	90
20009	赤烟流火驹	25	0	1	0	1	2	1	1	1	0	1	1695	4	0	0	0	100	100	100	100	100	100
20010	金睛狴犴	25	0	1	0	1	2	1	1	1	0	1	1695	5	0	0	0	110	110	110	110	110	110
20011	冰霜狴犴	25	0	1	0	1	2	1	1	1	0	1	1695	5	0	0	0	120	120	120	120	120	120
20016	通臂神猿	25	0	1	0	1	2	1	1	1	0	1	1695	5	0	0	0	130	130	130	130	130	130
20017	雪狮	25	0	1	0	1	2	1	1	1	0	1	1695	1	0	0	0	140	140	140	140	140	140
20018	狰狞	25	0	1	0	1	2	1	1	1	0	1	1695	2	0	0	0	150	150	150	150	150	150
20019	阎浮龙狮	25	0	1	0	1	2	1	1	1	0	1	1695	3	0	0	0	160	160	160	160	160	160
20020	避水金睛兽	25	0	1	0	1	2	1	1	1	0	1	1695	4	0	0	0	170	170	170	170	170	170
20021	腾云麒麟	25	0	1	0	1	2	1	1	1	0	1	1695	5	0	0	0	180	180	180	180	180	180
20023	铁甲犀牛	25	0	1	0	1	2	1	1	1	0	1	1695	4	0	0	0	200	200	200	200	200	200
20024	九尾神狐	25	0	1	0	1	2	1	1	1	0	1	1695	5	0	0	0	210	210	210	210	210	210
20025	神兽白虎	25	0	1	0	1	2	1	1	1	0	1	1695	4	0	0	0	220	220	220	220	220	220
20026	神鸟鸾凤	25	0	1	0	1	2	1	1	1	0	1	1695	4	0	0	0	230	230	230	230	230	230
20027	黄金龙鲤	25	0	1	0	1	2	1	1	1	0	1	1695	4	0	0	0	240	240	240	240	240	240
20029	碧影	25	0	1	0	1	2	1	1	1	0	1	1695	3	0	0	0	250	250	250	250	250	250
20030	七彩凤凰	25	0	1	0	1	2	1	1	1	0	1	1695	5	0	0	0	260	260	260	260	260	260
20031	地狱梦魇	25	0	1	0	1	2	1	1	1	0	1	1695	4	0	0	0	170	170	170	170	170	170
21001	冰霜狴犴碎片	25	1	1	0	1	2	999	1	1	0	0	1183	3	0	0	0	0	0	0	0	0	0
21002	通臂神猿碎片	25	1	1	0	1	2	999	1	1	0	0	1183	3	0	0	0	0	0	0	0	0	0
21003	腾云麒麟碎片	25	1	1	0	1	2	999	1	1	0	0	1183	3	0	0	0	0	0	0	0	0	0
21004	铁甲犀牛碎片	25	1	1	0	1	2	999	1	1	0	0	1183	3	0	0	0	0	0	0	0	0	0
21005	九尾神狐碎片	25	1	1	0	1	2	999	1	1	0	0	1183	3	0	0	0	0	0	0	0	0	0
21006	神兽白虎碎片	25	1	1	0	1	2	999	1	1	0	0	1183	3	0	0	0	0	0	0	0	0	0
21007	碧影碎片	25	1	1	0	1	2	999	1	1	0	0	1183	3	0	0	0	0	0	0	0	0	0
21008	黄金龙鲤碎片	25	1	1	0	1	2	999	1	1	0	0	1183	3	0	0	0	0	0	0	0	0	0
22000	骑乘技能书	42	0	1	0	1	2	1	1	1	0	1	1183	4	0	0	0	0	0	0	0	0	0
22001	时装碎片1	12	5	1	0	1	2	999	1	1	0	0	1183	3	0	0	0	0	0	0	0	0	0
22002	时装碎片2	12	5	1	0	1	2	999	1	1	0	0	1183	3	0	0	0	0	0	0	0	0	0
22003	时装碎片3	12	5	1	0	1	2	999	1	1	0	0	1183	3	0	0	0	0	0	0	0	0	0
22004	时装碎片4	12	5	1	0	1	2	999	1	1	0	0	1183	3	0	0	0	0	0	0	0	0	0
22005	时装碎片5	12	5	1	0	1	2	999	1	1	0	0	1183	3	0	0	0	0	0	0	0	0	0
22006	角虎卡片	12	5	1	0	1	2	999	1	1	0	0	1183	1	0	0	0	0	0	0	0	0	0
22007	符文野猪卡片	12	5	1	0	1	2	999	1	1	0	0	1183	2	0	0	0	0	0	0	0	0	0
22008	龙角猪卡片	12	5	1	0	1	2	999	1	1	0	0	1183	3	0	0	0	0	0	0	0	0	0
22009	金鬃猪卡片	12	5	1	0	1	2	999	1	1	0	0	1183	4	0	0	0	0	0	0	0	0	0
22010	巨大女贼卡片	12	5	1	0	1	2	999	1	1	0	0	1183	5	0	0	0	0	0	0	0	0	0
22011	角虎卡片	12	5	1	0	1	2	999	1	1	0	0	1183	1	0	0	0	0	0	0	0	0	0
22012	符文野猪卡片	12	5	1	0	1	2	999	1	1	0	0	1183	2	0	0	0	0	0	0	0	0	0
22013	龙角猪卡片	12	5	1	0	1	2	999	1	1	0	0	1183	3	0	0	0	0	0	0	0	0	0
22014	金鬃猪卡片	12	5	1	0	1	2	999	1	1	0	0	1183	4	0	0	0	0	0	0	0	0	0
22015	巨大女贼卡片	12	5	1	0	1	2	999	1	1	0	0	1183	5	0	0	0	0	0	0	0	0	0
22016	角虎卡片	12	5	1	0	1	2	999	1	1	0	0	1183	1	0	0	0	0	0	0	0	0	0
22017	符文野猪卡片	12	5	1	0	1	2	999	1	1	0	0	1183	2	0	0	0	0	0	0	0	0	0
22018	龙角猪卡片	12	5	1	0	1	2	999	1	1	0	0	1183	3	0	0	0	0	0	0	0	0	0
22019	金鬃猪卡片	12	5	1	0	1	2	999	1	1	0	0	1183	4	0	0	0	0	0	0	0	0	0
22020	巨大女贼卡片	12	5	1	0	1	2	999	1	1	0	0	1183	5	0	0	0	0	0	0	0	0	0
22021	角虎卡片	12	5	1	0	1	2	999	1	1	0	0	1183	1	0	0	0	0	0	0	0	0	0
22022	符文野猪卡片	12	5	1	0	1	2	999	1	1	0	0	1183	2	0	0	0	0	0	0	0	0	0
22023	龙角猪卡片	12	5	1	0	1	2	999	1	1	0	0	1183	3	0	0	0	0	0	0	0	0	0
22024	金鬃猪卡片	12	5	1	0	1	2	999	1	1	0	0	1183	4	0	0	0	0	0	0	0	0	0
22025	巨大女贼卡片	12	5	1	0	1	2	999	1	1	0	0	1183	5	0	0	0	0	0	0	0	0	0
22026	角虎卡片	12	5	1	0	1	2	999	1	1	0	0	1183	1	0	0	0	0	0	0	0	0	0
22027	符文野猪卡片	12	5	1	0	1	2	999	1	1	0	0	1183	2	0	0	0	0	0	0	0	0	0
22028	龙角猪卡片	12	5	1	0	1	2	999	1	1	0	0	1183	3	0	0	0	0	0	0	0	0	0
22029	金鬃猪卡片	12	5	1	0	1	2	999	1	1	0	0	1183	4	0	0	0	0	0	0	0	0	0
22030	巨大女贼卡片	12	5	1	0	1	2	999	1	1	0	0	1183	5	0	0	0	0	0	0	0	0	0
22031	角虎卡片	12	5	1	0	1	2	999	1	1	0	0	1183	1	0	0	0	0	0	0	0	0	0
22032	符文野猪卡片	12	5	1	0	1	2	999	1	1	0	0	1183	2	0	0	0	0	0	0	0	0	0
22033	龙角猪卡片	12	5	1	0	1	2	999	1	1	0	0	1183	3	0	0	0	0	0	0	0	0	0
22034	金鬃猪卡片	12	5	1	0	1	2	999	1	1	0	0	1183	4	0	0	0	0	0	0	0	0	0
22035	巨大女贼卡片	12	5	1	0	1	2	999	1	1	0	0	1183	5	0	0	0	0	0	0	0	0	0
22036	角虎卡片	12	5	1	0	1	2	999	1	1	0	0	1183	1	0	0	0	0	0	0	0	0	0
22037	符文野猪卡片	12	5	1	0	1	2	999	1	1	0	0	1183	2	0	0	0	0	0	0	0	0	0
22038	龙角猪卡片	12	5	1	0	1	2	999	1	1	0	0	1183	3	0	0	0	0	0	0	0	0	0
22039	金鬃猪卡片	12	5	1	0	1	2	999	1	1	0	0	1183	4	0	0	0	0	0	0	0	0	0
22040	巨大女贼卡片	12	5	1	0	1	2	999	1	1	0	0	1183	5	0	0	0	0	0	0	0	0	0
22041	角虎卡片	12	5	1	0	1	2	999	1	1	0	0	1183	1	0	0	0	0	0	0	0	0	0
22042	符文野猪卡片	12	5	1	0	1	2	999	1	1	0	0	1183	2	0	0	0	0	0	0	0	0	0
22043	龙角猪卡片	12	5	1	0	1	2	999	1	1	0	0	1183	3	0	0	0	0	0	0	0	0	0
22044	金鬃猪卡片	12	5	1	0	1	2	999	1	1	0	0	1183	4	0	0	0	0	0	0	0	0	0
22045	巨大女贼卡片	12	5	1	0	1	2	999	1	1	0	0	1183	5	0	0	0	0	0	0	0	0	0
22046	角虎卡片	12	5	1	0	1	2	999	1	1	0	0	1183	1	0	0	0	0	0	0	0	0	0
22047	符文野猪卡片	12	5	1	0	1	2	999	1	1	0	0	1183	2	0	0	0	0	0	0	0	0	0
22048	龙角猪卡片	12	5	1	0	1	2	999	1	1	0	0	1183	3	0	0	0	0	0	0	0	0	0
22049	金鬃猪卡片	12	5	1	0	1	2	999	1	1	0	0	1183	4	0	0	0	0	0	0	0	0	0
22050	巨大女贼卡片	12	5	1	0	1	2	999	1	1	0	0	1183	5	0	0	0	0	0	0	0	0	0
22051	角虎卡片	12	5	1	0	1	2	999	1	1	0	0	1183	1	0	0	0	0	0	0	0	0	0
22052	符文野猪卡片	12	5	1	0	1	2	999	1	1	0	0	1183	2	0	0	0	0	0	0	0	0	0
22053	龙角猪卡片	12	5	1	0	1	2	999	1	1	0	0	1183	3	0	0	0	0	0	0	0	0	0
22054	金鬃猪卡片	12	5	1	0	1	2	999	1	1	0	0	1183	4	0	0	0	0	0	0	0	0	0
22055	巨大女贼卡片	12	5	1	0	1	2	999	1	1	0	0	1183	5	0	0	0	0	0	0	0	0	0
22056	角虎卡片	12	5	1	0	1	2	999	1	1	0	0	1183	1	0	0	0	0	0	0	0	0	0
22057	符文野猪卡片	12	5	1	0	1	2	999	1	1	0	0	1183	2	0	0	0	0	0	0	0	0	0
22058	龙角猪卡片	12	5	1	0	1	2	999	1	1	0	0	1183	3	0	0	0	0	0	0	0	0	0
22059	金鬃猪卡片	12	5	1	0	1	2	999	1	1	0	0	1183	4	0	0	0	0	0	0	0	0	0
22060	巨大女贼卡片	12	5	1	0	1	2	999	1	1	0	0	1183	5	0	0	0	0	0	0	0	0	0
22061	角虎卡片	12	5	1	0	1	2	999	1	1	0	0	1183	1	0	0	0	0	0	0	0	0	0
22062	符文野猪卡片	12	5	1	0	1	2	999	1	1	0	0	1183	2	0	0	0	0	0	0	0	0	0
22063	龙角猪卡片	12	5	1	0	1	2	999	1	1	0	0	1183	3	0	0	0	0	0	0	0	0	0
22064	金鬃猪卡片	12	5	1	0	1	2	999	1	1	0	0	1183	4	0	0	0	0	0	0	0	0	0
22065	巨大女贼卡片	12	5	1	0	1	2	999	1	1	0	0	1183	5	0	0	0	0	0	0	0	0	0
22066	角虎卡片	12	5	1	0	1	2	999	1	1	0	0	1183	1	0	0	0	0	0	0	0	0	0
22067	符文野猪卡片	12	5	1	0	1	2	999	1	1	0	0	1183	2	0	0	0	0	0	0	0	0	0
22068	龙角猪卡片	12	5	1	0	1	2	999	1	1	0	0	1183	3	0	0	0	0	0	0	0	0	0
22069	金鬃猪卡片	12	5	1	0	1	2	999	1	1	0	0	1183	4	0	0	0	0	0	0	0	0	0
22070	巨大女贼卡片	12	5	1	0	1	2	999	1	1	0	0	1183	5	0	0	0	0	0	0	0	0	0
22071	角虎卡片	12	5	1	0	1	2	999	1	1	0	0	1183	1	0	0	0	0	0	0	0	0	0
22072	符文野猪卡片	12	5	1	0	1	2	999	1	1	0	0	1183	2	0	0	0	0	0	0	0	0	0
22073	龙角猪卡片	12	5	1	0	1	2	999	1	1	0	0	1183	3	0	0	0	0	0	0	0	0	0
22074	金鬃猪卡片	12	5	1	0	1	2	999	1	1	0	0	1183	4	0	0	0	0	0	0	0	0	0
22075	巨大女贼卡片	12	5	1	0	1	2	999	1	1	0	0	1183	5	0	0	0	0	0	0	0	0	0
22076	角虎卡片	12	5	1	0	1	2	999	1	1	0	0	1183	1	0	0	0	0	0	0	0	0	0
22077	符文野猪卡片	12	5	1	0	1	2	999	1	1	0	0	1183	2	0	0	0	0	0	0	0	0	0
22078	龙角猪卡片	12	5	1	0	1	2	999	1	1	0	0	1183	3	0	0	0	0	0	0	0	0	0
22079	金鬃猪卡片	12	5	1	0	1	2	999	1	1	0	0	1183	4	0	0	0	0	0	0	0	0	0
22080	巨大女贼卡片	12	5	1	0	1	2	999	1	1	0	0	1183	5	0	0	0	0	0	0	0	0	0
22081	角虎卡片	12	5	1	0	1	2	999	1	1	0	0	1183	1	0	0	0	0	0	0	0	0	0
22082	符文野猪卡片	12	5	1	0	1	2	999	1	1	0	0	1183	2	0	0	0	0	0	0	0	0	0
22083	龙角猪卡片	12	5	1	0	1	2	999	1	1	0	0	1183	3	0	0	0	0	0	0	0	0	0
22084	金鬃猪卡片	12	5	1	0	1	2	999	1	1	0	0	1183	4	0	0	0	0	0	0	0	0	0
22085	巨大女贼卡片	12	5	1	0	1	2	999	1	1	0	0	1183	5	0	0	0	0	0	0	0	0	0
23001	入魂石	24	2	1	0	1	2	999	1	1	0	0	1183	3	0	0	0	0	0	0	0	0	0
23002	羽魂	24	4	1	0	1	2	9999	1	1	0	0	1183	3	0	0	0	0	0	0	0	0	0
23003	纯洁之羽	24	1	1	0	1	2	1	1	1	0	0	1183	2	0	0	0	0	0	0	0	0	0
23004	七彩之羽	24	1	1	0	1	2	1	1	1	0	0	1183	3	0	0	0	0	0	0	0	0	0
23005	黑暗之羽	24	1	1	0	1	2	1	1	1	0	0	1183	4	0	0	0	0	0	0	0	0	0
23006	凤凰之羽	24	1	1	0	1	2	1	1	1	0	0	1183	5	0	0	0	0	0	0	0	0	0
23007	飞蝶翅膀	1	22	1	0	1	2	1	1	1	0	2	16540	2	0	0	0	0	16860	100	100	0	0
23008	雨燕翅膀	1	22	1	0	1	2	1	1	1	0	2	16540	3	0	0	0	0	21000	120	120	0	0
23009	青鸾翅膀	1	22	1	0	1	2	1	1	1	0	2	16540	4	0	0	0	0	27000	160	160	0	0
23010	文凰翅膀	1	22	1	0	1	2	1	1	1	0	2	16540	4	0	0	0	0	27000	160	160	0	0
23011	金凤翅膀	1	22	1	0	1	2	1	1	1	0	2	16540	4	0	0	0	0	27000	160	160	0	0
31001	龙鳞碎片	12	2	1	0	1	2	999	1	1	0	0	1183	3	0	0	0	0	0	0	0	0	0
31002	龙魂碎片	12	2	1	0	1	2	999	1	1	0	0	1183	3	0	0	0	0	0	0	0	0	0
31003	破碎的龙鳞	12	2	1	0	1	2	999	1	1	0	0	1183	3	0	0	0	0	0	0	0	0	0
31004	破碎的龙魂	12	2	1	0	1	2	999	1	1	0	0	1183	3	0	0	0	0	0	0	0	0	0
31005	瑕疵的龙鳞	12	2	1	0	1	2	999	1	1	0	0	1183	3	0	0	0	0	0	0	0	0	0
31006	瑕疵的龙魂	12	2	1	0	1	2	999	1	1	0	0	1183	3	0	0	0	0	0	0	0	0	0
31007	完整的龙鳞	12	2	1	0	1	2	999	1	1	0	0	1183	3	0	0	0	0	0	0	0	0	0
31008	完整的龙魂	12	2	1	0	1	2	999	1	1	0	0	1183	3	0	0	0	0	0	0	0	0	0
31009	闪亮的龙鳞	12	2	1	0	1	2	999	1	1	0	0	1183	3	0	0	0	0	0	0	0	0	0
31010	闪亮的龙魂	12	2	1	0	1	2	999	1	1	0	0	1183	3	0	0	0	0	0	0	0	0	0
31011	华丽的龙鳞	12	2	1	0	1	2	999	1	1	0	0	1183	3	0	0	0	0	0	0	0	0	0
31012	华丽的龙魂	12	2	1	0	1	2	999	1	1	0	0	1183	3	0	0	0	0	0	0	0	0	0
31013	璀璨的龙鳞	12	2	1	0	1	2	999	1	1	0	0	1183	3	0	0	0	0	0	0	0	0	0
31014	璀璨的龙魂	12	2	1	0	1	2	999	1	1	0	0	1183	3	0	0	0	0	0	0	0	0	0
31015	上古龙鳞	12	2	1	0	1	2	999	1	1	0	0	1183	3	0	0	0	0	0	0	0	0	0
31016	上古龙魂	12	2	1	0	1	2	999	1	1	0	0	1183	3	0	0	0	0	0	0	0	0	0
31101	30级暗金护符碎片	12	9	1	0	1	2	999	1	1	0	0	1183	5	0	0	0	0	0	0	0	0	0
31102	40级暗金护符碎片	12	9	1	0	1	2	999	1	1	0	0	1183	5	0	0	0	0	0	0	0	0	0
31103	50级暗金护符碎片	12	9	1	0	1	2	999	1	1	0	0	1183	5	0	0	0	0	0	0	0	0	0
31104	60级暗金护符碎片	12	9	1	0	1	2	999	1	1	0	0	1183	5	0	0	0	0	0	0	0	0	0
31105	70级暗金护符碎片	12	9	1	0	1	2	999	1	1	0	0	1183	5	0	0	0	0	0	0	0	0	0
31106	80级暗金护符碎片	12	9	1	0	1	2	999	1	1	0	0	1183	5	0	0	0	0	0	0	0	0	0
31107	90级暗金护符碎片	12	9	1	0	1	2	999	1	1	0	0	1183	5	0	0	0	0	0	0	0	0	0
31108	30级暗金衣服碎片	12	9	1	0	1	2	999	1	1	0	0	1183	5	0	0	0	0	0	0	0	0	0
31109	40级暗金衣服碎片	12	9	1	0	1	2	999	1	1	0	0	1183	5	0	0	0	0	0	0	0	0	0
31110	50级暗金衣服碎片	12	9	1	0	1	2	999	1	1	0	0	1183	5	0	0	0	0	0	0	0	0	0
31111	60级暗金衣服碎片	12	9	1	0	1	2	999	1	1	0	0	1183	5	0	0	0	0	0	0	0	0	0
31112	70级暗金衣服碎片	12	9	1	0	1	2	999	1	1	0	0	1183	5	0	0	0	0	0	0	0	0	0
31113	80级暗金衣服碎片	12	9	1	0	1	2	999	1	1	0	0	1183	5	0	0	0	0	0	0	0	0	0
31114	90级暗金衣服碎片	12	9	1	0	1	2	999	1	1	0	0	1183	5	0	0	0	0	0	0	0	0	0
31115	30级暗金护手碎片	12	9	1	0	1	2	999	1	1	0	0	1183	5	0	0	0	0	0	0	0	0	0
31116	40级暗金护手碎片	12	9	1	0	1	2	999	1	1	0	0	1183	5	0	0	0	0	0	0	0	0	0
31117	50级暗金护手碎片	12	9	1	0	1	2	999	1	1	0	0	1183	5	0	0	0	0	0	0	0	0	0
31118	60级暗金护手碎片	12	9	1	0	1	2	999	1	1	0	0	1183	5	0	0	0	0	0	0	0	0	0
31119	70级暗金护手碎片	12	9	1	0	1	2	999	1	1	0	0	1183	5	0	0	0	0	0	0	0	0	0
31120	80级暗金护手碎片	12	9	1	0	1	2	999	1	1	0	0	1183	5	0	0	0	0	0	0	0	0	0
31121	90级暗金护手碎片	12	9	1	0	1	2	999	1	1	0	0	1183	5	0	0	0	0	0	0	0	0	0
31122	30级暗金腰带碎片	12	9	1	0	1	2	999	1	1	0	0	1183	5	0	0	0	0	0	0	0	0	0
31123	40级暗金腰带碎片	12	9	1	0	1	2	999	1	1	0	0	1183	5	0	0	0	0	0	0	0	0	0
31124	50级暗金腰带碎片	12	9	1	0	1	2	999	1	1	0	0	1183	5	0	0	0	0	0	0	0	0	0
31125	60级暗金腰带碎片	12	9	1	0	1	2	999	1	1	0	0	1183	5	0	0	0	0	0	0	0	0	0
31126	70级暗金腰带碎片	12	9	1	0	1	2	999	1	1	0	0	1183	5	0	0	0	0	0	0	0	0	0
31127	80级暗金腰带碎片	12	9	1	0	1	2	999	1	1	0	0	1183	5	0	0	0	0	0	0	0	0	0
31128	90级暗金腰带碎片	12	9	1	0	1	2	999	1	1	0	0	1183	5	0	0	0	0	0	0	0	0	0
31129	30级暗金护腿碎片	12	9	1	0	1	2	999	1	1	0	0	1183	5	0	0	0	0	0	0	0	0	0
31130	40级暗金护腿碎片	12	9	1	0	1	2	999	1	1	0	0	1183	5	0	0	0	0	0	0	0	0	0
31131	50级暗金护腿碎片	12	9	1	0	1	2	999	1	1	0	0	1183	5	0	0	0	0	0	0	0	0	0
31132	60级暗金护腿碎片	12	9	1	0	1	2	999	1	1	0	0	1183	5	0	0	0	0	0	0	0	0	0
31133	70级暗金护腿碎片	12	9	1	0	1	2	999	1	1	0	0	1183	5	0	0	0	0	0	0	0	0	0
31134	80级暗金护腿碎片	12	9	1	0	1	2	999	1	1	0	0	1183	5	0	0	0	0	0	0	0	0	0
31135	90级暗金护腿碎片	12	9	1	0	1	2	999	1	1	0	0	1183	5	0	0	0	0	0	0	0	0	0
31136	30级暗金项链碎片	12	9	1	0	1	2	999	1	1	0	0	1183	5	0	0	0	0	0	0	0	0	0
31137	40级暗金项链碎片	12	9	1	0	1	2	999	1	1	0	0	1183	5	0	0	0	0	0	0	0	0	0
31138	50级暗金项链碎片	12	9	1	0	1	2	999	1	1	0	0	1183	5	0	0	0	0	0	0	0	0	0
31139	60级暗金项链碎片	12	9	1	0	1	2	999	1	1	0	0	1183	5	0	0	0	0	0	0	0	0	0
31140	70级暗金项链碎片	12	9	1	0	1	2	999	1	1	0	0	1183	5	0	0	0	0	0	0	0	0	0
31141	80级暗金项链碎片	12	9	1	0	1	2	999	1	1	0	0	1183	5	0	0	0	0	0	0	0	0	0
31142	90级暗金项链碎片	12	9	1	0	1	2	999	1	1	0	0	1183	5	0	0	0	0	0	0	0	0	0
31143	30级暗金戒指碎片	12	9	1	0	1	2	999	1	1	0	0	1183	5	0	0	0	0	0	0	0	0	0
31144	40级暗金戒指碎片	12	9	1	0	1	2	999	1	1	0	0	1183	5	0	0	0	0	0	0	0	0	0
31145	50级暗金戒指碎片	12	9	1	0	1	2	999	1	1	0	0	1183	5	0	0	0	0	0	0	0	0	0
31146	60级暗金戒指碎片	12	9	1	0	1	2	999	1	1	0	0	1183	5	0	0	0	0	0	0	0	0	0
31147	70级暗金戒指碎片	12	9	1	0	1	2	999	1	1	0	0	1183	5	0	0	0	0	0	0	0	0	0
31148	80级暗金戒指碎片	12	9	1	0	1	2	999	1	1	0	0	1183	5	0	0	0	0	0	0	0	0	0
31149	90级暗金戒指碎片	12	9	1	0	1	2	999	1	1	0	0	1183	5	0	0	0	0	0	0	0	0	0
31150	30级暗金手镯碎片	12	9	1	0	1	2	999	1	1	0	0	1183	5	0	0	0	0	0	0	0	0	0
31151	40级暗金手镯碎片	12	9	1	0	1	2	999	1	1	0	0	1183	5	0	0	0	0	0	0	0	0	0
31152	50级暗金手镯碎片	12	9	1	0	1	2	999	1	1	0	0	1183	5	0	0	0	0	0	0	0	0	0
31153	60级暗金手镯碎片	12	9	1	0	1	2	999	1	1	0	0	1183	5	0	0	0	0	0	0	0	0	0
31154	70级暗金手镯碎片	12	9	1	0	1	2	999	1	1	0	0	1183	5	0	0	0	0	0	0	0	0	0
31155	80级暗金手镯碎片	12	9	1	0	1	2	999	1	1	0	0	1183	5	0	0	0	0	0	0	0	0	0
31156	90级暗金手镯碎片	12	9	1	0	1	2	999	1	1	0	0	1183	5	0	0	0	0	0	0	0	0	0
31157	30级暗金战靴碎片	12	9	1	0	1	2	999	1	1	0	0	1183	5	0	0	0	0	0	0	0	0	0
31158	40级暗金战靴碎片	12	9	1	0	1	2	999	1	1	0	0	1183	5	0	0	0	0	0	0	0	0	0
31159	50级暗金战靴碎片	12	9	1	0	1	2	999	1	1	0	0	1183	5	0	0	0	0	0	0	0	0	0
31160	60级暗金战靴碎片	12	9	1	0	1	2	999	1	1	0	0	1183	5	0	0	0	0	0	0	0	0	0
31161	70级暗金战靴碎片	12	9	1	0	1	2	999	1	1	0	0	1183	5	0	0	0	0	0	0	0	0	0
31162	80级暗金战靴碎片	12	9	1	0	1	2	999	1	1	0	0	1183	5	0	0	0	0	0	0	0	0	0
31163	90级暗金战靴碎片	12	9	1	0	1	2	999	1	1	0	0	1183	5	0	0	0	0	0	0	0	0	0
31164	30级暗金武器碎片	12	9	1	0	1	2	999	1	1	0	0	1183	5	0	0	0	0	0	0	0	0	0
31165	40级暗金武器碎片	12	9	1	0	1	2	999	1	1	0	0	1183	5	0	0	0	0	0	0	0	0	0
31166	50级暗金武器碎片	12	9	1	0	1	2	999	1	1	0	0	1183	5	0	0	0	0	0	0	0	0	0
31167	60级暗金武器碎片	12	9	1	0	1	2	999	1	1	0	0	1183	5	0	0	0	0	0	0	0	0	0
31168	70级暗金武器碎片	12	9	1	0	1	2	999	1	1	0	0	1183	5	0	0	0	0	0	0	0	0	0
31169	80级暗金武器碎片	12	9	1	0	1	2	999	1	1	0	0	1183	5	0	0	0	0	0	0	0	0	0
31170	90级暗金武器碎片	12	9	1	0	1	2	999	1	1	0	0	1183	5	0	0	0	0	0	0	0	0	0
31171	30级金色护符碎片	12	9	1	0	1	2	999	1	1	0	0	1183	4	0	0	0	0	0	0	0	0	0
31172	40级金色护符碎片	12	9	1	0	1	2	999	1	1	0	0	1183	4	0	0	0	0	0	0	0	0	0
31173	50级金色护符碎片	12	9	1	0	1	2	999	1	1	0	0	1183	4	0	0	0	0	0	0	0	0	0
31174	60级金色护符碎片	12	9	1	0	1	2	999	1	1	0	0	1183	4	0	0	0	0	0	0	0	0	0
31175	70级金色护符碎片	12	9	1	0	1	2	999	1	1	0	0	1183	4	0	0	0	0	0	0	0	0	0
31176	80级金色护符碎片	12	9	1	0	1	2	999	1	1	0	0	1183	4	0	0	0	0	0	0	0	0	0
31177	90级金色护符碎片	12	9	1	0	1	2	999	1	1	0	0	1183	4	0	0	0	0	0	0	0	0	0
31178	30级金色衣服碎片	12	9	1	0	1	2	999	1	1	0	0	1183	4	0	0	0	0	0	0	0	0	0
31179	40级金色衣服碎片	12	9	1	0	1	2	999	1	1	0	0	1183	4	0	0	0	0	0	0	0	0	0
31180	50级金色衣服碎片	12	9	1	0	1	2	999	1	1	0	0	1183	4	0	0	0	0	0	0	0	0	0
31181	60级金色衣服碎片	12	9	1	0	1	2	999	1	1	0	0	1183	4	0	0	0	0	0	0	0	0	0
31182	70级金色衣服碎片	12	9	1	0	1	2	999	1	1	0	0	1183	4	0	0	0	0	0	0	0	0	0
31183	80级金色衣服碎片	12	9	1	0	1	2	999	1	1	0	0	1183	4	0	0	0	0	0	0	0	0	0
31184	90级金色衣服碎片	12	9	1	0	1	2	999	1	1	0	0	1183	4	0	0	0	0	0	0	0	0	0
31185	30级金色护手碎片	12	9	1	0	1	2	999	1	1	0	0	1183	4	0	0	0	0	0	0	0	0	0
31186	40级金色护手碎片	12	9	1	0	1	2	999	1	1	0	0	1183	4	0	0	0	0	0	0	0	0	0
31187	50级金色护手碎片	12	9	1	0	1	2	999	1	1	0	0	1183	4	0	0	0	0	0	0	0	0	0
31188	60级金色护手碎片	12	9	1	0	1	2	999	1	1	0	0	1183	4	0	0	0	0	0	0	0	0	0
31189	70级金色护手碎片	12	9	1	0	1	2	999	1	1	0	0	1183	4	0	0	0	0	0	0	0	0	0
31190	80级金色护手碎片	12	9	1	0	1	2	999	1	1	0	0	1183	4	0	0	0	0	0	0	0	0	0
31191	90级金色护手碎片	12	9	1	0	1	2	999	1	1	0	0	1183	4	0	0	0	0	0	0	0	0	0
31192	30级金色腰带碎片	12	9	1	0	1	2	999	1	1	0	0	1183	4	0	0	0	0	0	0	0	0	0
31193	40级金色腰带碎片	12	9	1	0	1	2	999	1	1	0	0	1183	4	0	0	0	0	0	0	0	0	0
31194	50级金色腰带碎片	12	9	1	0	1	2	999	1	1	0	0	1183	4	0	0	0	0	0	0	0	0	0
31195	60级金色腰带碎片	12	9	1	0	1	2	999	1	1	0	0	1183	4	0	0	0	0	0	0	0	0	0
31196	70级金色腰带碎片	12	9	1	0	1	2	999	1	1	0	0	1183	4	0	0	0	0	0	0	0	0	0
31197	80级金色腰带碎片	12	9	1	0	1	2	999	1	1	0	0	1183	4	0	0	0	0	0	0	0	0	0
31198	90级金色腰带碎片	12	9	1	0	1	2	999	1	1	0	0	1183	4	0	0	0	0	0	0	0	0	0
31199	30级金色护腿碎片	12	9	1	0	1	2	999	1	1	0	0	1183	4	0	0	0	0	0	0	0	0	0
31200	40级金色护腿碎片	12	9	1	0	1	2	999	1	1	0	0	1183	4	0	0	0	0	0	0	0	0	0
31201	50级金色护腿碎片	12	9	1	0	1	2	999	1	1	0	0	1183	4	0	0	0	0	0	0	0	0	0
31202	60级金色护腿碎片	12	9	1	0	1	2	999	1	1	0	0	1183	4	0	0	0	0	0	0	0	0	0
31203	70级金色护腿碎片	12	9	1	0	1	2	999	1	1	0	0	1183	4	0	0	0	0	0	0	0	0	0
31204	80级金色护腿碎片	12	9	1	0	1	2	999	1	1	0	0	1183	4	0	0	0	0	0	0	0	0	0
31205	90级金色护腿碎片	12	9	1	0	1	2	999	1	1	0	0	1183	4	0	0	0	0	0	0	0	0	0
31206	30级金色项链碎片	12	9	1	0	1	2	999	1	1	0	0	1183	4	0	0	0	0	0	0	0	0	0
31207	40级金色项链碎片	12	9	1	0	1	2	999	1	1	0	0	1183	4	0	0	0	0	0	0	0	0	0
31208	50级金色项链碎片	12	9	1	0	1	2	999	1	1	0	0	1183	4	0	0	0	0	0	0	0	0	0
31209	60级金色项链碎片	12	9	1	0	1	2	999	1	1	0	0	1183	4	0	0	0	0	0	0	0	0	0
31210	70级金色项链碎片	12	9	1	0	1	2	999	1	1	0	0	1183	4	0	0	0	0	0	0	0	0	0
31211	80级金色项链碎片	12	9	1	0	1	2	999	1	1	0	0	1183	4	0	0	0	0	0	0	0	0	0
31212	90级金色项链碎片	12	9	1	0	1	2	999	1	1	0	0	1183	4	0	0	0	0	0	0	0	0	0
31213	30级金色戒指碎片	12	9	1	0	1	2	999	1	1	0	0	1183	4	0	0	0	0	0	0	0	0	0
31214	40级金色戒指碎片	12	9	1	0	1	2	999	1	1	0	0	1183	4	0	0	0	0	0	0	0	0	0
31215	50级金色戒指碎片	12	9	1	0	1	2	999	1	1	0	0	1183	4	0	0	0	0	0	0	0	0	0
31216	60级金色戒指碎片	12	9	1	0	1	2	999	1	1	0	0	1183	4	0	0	0	0	0	0	0	0	0
31217	70级金色戒指碎片	12	9	1	0	1	2	999	1	1	0	0	1183	4	0	0	0	0	0	0	0	0	0
31218	80级金色戒指碎片	12	9	1	0	1	2	999	1	1	0	0	1183	4	0	0	0	0	0	0	0	0	0
31219	90级金色戒指碎片	12	9	1	0	1	2	999	1	1	0	0	1183	4	0	0	0	0	0	0	0	0	0
31220	30级金色手镯碎片	12	9	1	0	1	2	999	1	1	0	0	1183	4	0	0	0	0	0	0	0	0	0
31221	40级金色手镯碎片	12	9	1	0	1	2	999	1	1	0	0	1183	4	0	0	0	0	0	0	0	0	0
31222	50级金色手镯碎片	12	9	1	0	1	2	999	1	1	0	0	1183	4	0	0	0	0	0	0	0	0	0
31223	60级金色手镯碎片	12	9	1	0	1	2	999	1	1	0	0	1183	4	0	0	0	0	0	0	0	0	0
31224	70级金色手镯碎片	12	9	1	0	1	2	999	1	1	0	0	1183	4	0	0	0	0	0	0	0	0	0
31225	80级金色手镯碎片	12	9	1	0	1	2	999	1	1	0	0	1183	4	0	0	0	0	0	0	0	0	0
31226	90级金色手镯碎片	12	9	1	0	1	2	999	1	1	0	0	1183	4	0	0	0	0	0	0	0	0	0
31227	30级金色战靴碎片	12	9	1	0	1	2	999	1	1	0	0	1183	4	0	0	0	0	0	0	0	0	0
31228	40级金色战靴碎片	12	9	1	0	1	2	999	1	1	0	0	1183	4	0	0	0	0	0	0	0	0	0
31229	50级金色战靴碎片	12	9	1	0	1	2	999	1	1	0	0	1183	4	0	0	0	0	0	0	0	0	0
31230	60级金色战靴碎片	12	9	1	0	1	2	999	1	1	0	0	1183	4	0	0	0	0	0	0	0	0	0
31231	70级金色战靴碎片	12	9	1	0	1	2	999	1	1	0	0	1183	4	0	0	0	0	0	0	0	0	0
31232	80级金色战靴碎片	12	9	1	0	1	2	999	1	1	0	0	1183	4	0	0	0	0	0	0	0	0	0
31233	90级金色战靴碎片	12	9	1	0	1	2	999	1	1	0	0	1183	4	0	0	0	0	0	0	0	0	0
31234	30级金色武器碎片	12	9	1	0	1	2	999	1	1	0	0	1183	4	0	0	0	0	0	0	0	0	0
31235	40级金色武器碎片	12	9	1	0	1	2	999	1	1	0	0	1183	4	0	0	0	0	0	0	0	0	0
31236	50级金色武器碎片	12	9	1	0	1	2	999	1	1	0	0	1183	4	0	0	0	0	0	0	0	0	0
31237	60级金色武器碎片	12	9	1	0	1	2	999	1	1	0	0	1183	4	0	0	0	0	0	0	0	0	0
31238	70级金色武器碎片	12	9	1	0	1	2	999	1	1	0	0	1183	4	0	0	0	0	0	0	0	0	0
31239	80级金色武器碎片	12	9	1	0	1	2	999	1	1	0	0	1183	4	0	0	0	0	0	0	0	0	0
31240	90级金色武器碎片	12	9	1	0	1	2	999	1	1	0	0	1183	4	0	0	0	0	0	0	0	0	0
31241	龙骨碎片	12	9	1	0	1	2	999	1	1	0	0	1183	3	0	0	0	0	0	0	0	0	0
31242	破碎的龙骨	12	9	1	0	1	2	999	1	1	0	0	1183	3	0	0	0	0	0	0	0	0	0
31243	瑕疵的龙骨	12	9	1	0	1	2	999	1	1	0	0	1183	3	0	0	0	0	0	0	0	0	0
31244	完整的龙骨	12	9	1	0	1	2	999	1	1	0	0	1183	3	0	0	0	0	0	0	0	0	0
31245	闪亮的龙骨	12	9	1	0	1	2	999	1	1	0	0	1183	3	0	0	0	0	0	0	0	0	0
31246	华丽的龙骨	12	9	1	0	1	2	999	1	1	0	0	1183	3	0	0	0	0	0	0	0	0	0
31247	璀璨的龙骨	12	9	1	0	1	2	999	1	1	0	0	1183	3	0	0	0	0	0	0	0	0	0
31248	上古龙骨	12	9	1	0	1	2	999	1	1	0	0	1183	3	0	0	0	0	0	0	0	0	0
31249	1级攻击符文碎片	12	2	1	0	1	2	999	1	1	0	0	1183	2	0	0	0	0	0	0	0	0	0
31250	2级攻击符文碎片	12	2	1	0	1	2	999	1	1	0	0	1183	2	0	0	0	0	0	0	0	0	0
31251	3级攻击符文碎片	12	2	1	0	1	2	999	1	1	0	0	1183	3	0	0	0	0	0	0	0	0	0
31252	4级攻击符文碎片	12	2	1	0	1	2	999	1	1	0	0	1183	4	0	0	0	0	0	0	0	0	0
31253	5级攻击符文碎片	12	2	1	0	1	2	999	1	1	0	0	1183	5	0	0	0	0	0	0	0	0	0
31254	1级防御符文碎片	12	2	1	0	1	2	999	1	1	0	0	1183	2	0	0	0	0	0	0	0	0	0
31255	2级防御符文碎片	12	2	1	0	1	2	999	1	1	0	0	1183	2	0	0	0	0	0	0	0	0	0
31256	3级防御符文碎片	12	2	1	0	1	2	999	1	1	0	0	1183	3	0	0	0	0	0	0	0	0	0
31257	4级防御符文碎片	12	2	1	0	1	2	999	1	1	0	0	1183	4	0	0	0	0	0	0	0	0	0
31258	5级防御符文碎片	12	2	1	0	1	2	999	1	1	0	0	1183	5	0	0	0	0	0	0	0	0	0
34001	攻击之石	3	0	1	0	1	2	999	1	1	0	0	5279	0	0	0	0	0	0	0	0	0	0
34002	防御之石	3	0	1	0	1	2	999	1	1	0	0	5279	0	0	0	0	0	0	0	0	0	0
34005	暴击之石	3	0	1	0	1	2	999	1	1	0	0	5279	0	0	0	0	0	0	0	0	0	0
34004	抵抗之石	3	0	1	0	1	2	999	1	1	0	0	5279	0	0	0	0	0	0	0	0	0	0
34003	生命之石	3	0	1	0	1	2	999	1	1	0	0	5279	0	0	0	0	0	0	0	0	0	0
34101	猛击符文	5	0	1	1	1	2	99	1	1	0	0	5279	0	0	0	0	0	0	0	0	0	0
34102	冲锋符文	5	0	1	1	1	2	99	1	1	0	0	5279	0	0	0	0	0	0	0	0	0	0
34103	致命打击符文	5	0	1	1	1	2	99	1	1	0	0	5279	0	0	0	0	0	0	0	0	0	0
34104	重伤符文	5	0	1	1	1	2	99	1	1	0	0	5279	0	0	0	0	0	0	0	0	0	0
34105	战神护体符文	5	0	1	1	1	2	99	1	1	0	0	5279	0	0	0	0	0	0	0	0	0	0
34106	横扫千军符文	5	0	1	1	1	2	99	1	1	0	0	5279	0	0	0	0	0	0	0	0	0	0
34201	冰符符文	5	0	1	2	1	2	99	1	1	0	0	5279	0	0	0	0	0	0	0	0	0	0
34202	瞬移符文	5	0	1	2	1	2	99	1	1	0	0	5279	0	0	0	0	0	0	0	0	0	0
34203	魔能冲击符文	5	0	1	2	1	2	99	1	1	0	0	5279	0	0	0	0	0	0	0	0	0	0
34204	刺骨寒冰符文	5	0	1	2	1	2	99	1	1	0	0	5279	0	0	0	0	0	0	0	0	0	0
34205	极寒裂冰符文	5	0	1	2	1	2	99	1	1	0	0	5279	0	0	0	0	0	0	0	0	0	0
34206	魔能护体符文	5	0	1	2	1	2	99	1	1	0	0	5279	0	0	0	0	0	0	0	0	0	0
34301	急速箭符文	5	0	1	3	1	2	99	1	1	0	0	5279	0	0	0	0	0	0	0	0	0	0
34302	疾行符文	5	0	1	3	1	2	99	1	1	0	0	5279	0	0	0	0	0	0	0	0	0	0
34303	狙击符文	5	0	1	3	1	2	99	1	1	0	0	5279	0	0	0	0	0	0	0	0	0	0
34304	淬毒箭符文	5	0	1	3	1	2	99	1	1	0	0	5279	0	0	0	0	0	0	0	0	0	0
34305	箭雨符文	5	0	1	3	1	2	99	1	1	0	0	5279	0	0	0	0	0	0	0	0	0	0
34306	残影符文	5	0	1	3	1	2	99	1	1	0	0	5279	0	0	0	0	0	0	0	0	0	0
34401	攻击符文	5	0	1	0	1	2	99	1	1	0	0	5279	0	0	0	0	0	0	0	0	0	0
34402	防御符文	5	0	1	0	1	2	99	1	1	0	0	5279	0	0	0	0	0	0	0	0	0	0
34403	暴击符文	5	0	1	0	1	2	99	1	1	0	0	5279	0	0	0	0	0	0	0	0	0	0
34404	抵挡符文	5	0	1	0	1	2	99	1	1	0	0	5279	0	0	0	0	0	0	0	0	0	0
34405	定身攻击符文	5	0	1	0	1	2	99	1	1	0	0	5279	0	0	0	0	0	0	0	0	0	0
34406	沉默攻击符文	5	0	1	0	1	2	99	1	1	0	0	5279	0	0	0	0	0	0	0	0	0	0
34407	减速攻击符文	5	0	1	0	1	2	99	1	1	0	0	5279	0	0	0	0	0	0	0	0	0	0
34408	眩晕攻击符文	5	0	1	0	1	2	99	1	1	0	0	5279	0	0	0	0	0	0	0	0	0	0
34409	定身抗性符文	5	0	1	0	1	2	99	1	1	0	0	5279	0	0	0	0	0	0	0	0	0	0
34410	沉默抗性符文	5	0	1	0	1	2	99	1	1	0	0	5279	0	0	0	0	0	0	0	0	0	0
34411	减速抗性符文	5	0	1	0	1	2	99	1	1	0	0	5279	0	0	0	0	0	0	0	0	0	0
34412	眩晕抗性符文	5	0	1	0	1	2	99	1	1	0	0	5279	0	0	0	0	0	0	0	0	0	0
40000	宠物蛋（骷髅护卫）	14	1	1	0	1	2	1	1	1	0	1	1695	2	0	0	0	0	0	1	0	0	0
40001	宠物蛋（伥鬼）	14	1	1	0	20	2	1	1	1	0	1	1695	2	0	0	0	0	0	2	0	0	0
40002	宠物蛋（招魂使）	14	1	1	0	30	2	1	1	1	0	1	1695	2	0	0	0	0	0	3	0	0	0
40003	宠物蛋（御魂使）	14	1	1	0	40	2	1	1	1	0	1	1695	2	0	0	0	0	0	4	0	0	0
40004	宠物蛋（夜魔）	14	1	1	0	50	2	1	1	1	0	1	1695	2	0	0	0	0	0	5	0	0	0
40005	宠物蛋（虎精）	14	1	1	0	1	2	1	1	1	0	1	1695	2	0	0	0	0	0	6	0	0	0
40006	宠物蛋（鸟巫）	14	1	1	0	20	2	1	1	1	0	1	1695	2	0	0	0	0	0	7	0	0	0
40007	宠物蛋（狐精）	14	1	1	0	30	2	1	1	1	0	1	1695	2	0	0	0	0	0	8	0	0	0
40008	宠物蛋（巨狼王）	14	1	1	0	40	2	1	1	1	0	1	1695	2	0	0	0	0	0	9	0	0	0
40009	宠物蛋（大力牛魔）	14	1	1	0	50	2	1	1	1	0	1	1695	2	0	0	0	0	0	10	0	0	0
40010	宠物蛋（小花仙）	14	1	1	0	1	2	1	1	1	0	1	1695	2	0	0	0	0	0	11	0	0	0
40011	宠物蛋（龙宫侍女）	14	1	1	0	20	2	1	1	1	0	1	1695	2	0	0	0	0	0	12	0	0	0
40012	宠物蛋（冰雪精灵）	14	1	1	0	30	2	1	1	1	0	1	1695	2	0	0	0	0	0	13	0	0	0
40013	宠物蛋（百花女王）	14	1	1	0	40	2	1	1	1	0	1	1695	2	0	0	0	0	0	14	0	0	0
40014	宠物蛋（灵仙子）	14	1	1	0	50	2	1	1	1	0	1	1695	2	0	0	0	0	0	15	0	0	0
40015	宠物蛋（赤炎野猪）	14	1	1	0	1	2	1	1	1	0	1	1695	2	0	0	0	0	0	16	0	0	0
40016	宠物蛋（大熊）	14	1	1	0	20	2	1	1	1	0	1	1695	2	0	0	0	0	0	17	0	0	0
40017	宠物蛋（玉狐）	14	1	1	0	30	2	1	1	1	0	1	1695	2	0	0	0	0	0	18	0	0	0
40018	宠物蛋（赤鸠）	14	1	1	0	40	2	1	1	1	0	1	1695	2	0	0	0	0	0	19	0	0	0
40019	宠物蛋（麒麟）	14	1	1	0	50	2	1	1	1	0	1	1695	2	0	0	0	0	0	20	0	0	0
40020	宠物蛋（猎龙者）	14	1	1	0	1	2	1	1	1	0	1	1695	2	0	0	0	0	0	21	0	0	0
40021	宠物蛋（冰雪女王）	14	1	1	0	20	2	1	1	1	0	1	1695	2	0	0	0	0	0	22	0	0	0
40022	宠物蛋（皇族剑客）	14	1	1	0	30	2	1	1	1	0	1	1695	2	0	0	0	0	0	23	0	0	0
40023	宠物蛋（皇族侍卫）	14	1	1	0	40	2	1	1	1	0	1	1695	2	0	0	0	0	0	24	0	0	0
40024	宠物蛋（天将）	14	1	1	0	50	2	1	1	1	0	1	1695	2	0	0	0	0	0	25	0	0	0
40025	宠物蛋（修罗）	14	1	1	0	1	2	1	1	1	0	1	1695	2	0	0	0	0	0	26	0	0	0
40026	宠物蛋（罗刹）	14	1	1	0	20	2	1	1	1	0	1	1695	2	0	0	0	0	0	27	0	0	0
40027	宠物蛋（裂地）	14	1	1	0	30	2	1	1	1	0	1	1695	2	0	0	0	0	0	28	0	0	0
40028	宠物蛋（吞天）	14	1	1	0	40	2	1	1	1	0	1	1695	2	0	0	0	0	0	29	0	0	0
40029	宠物蛋（烛九阴）	14	1	1	0	50	2	1	1	1	0	1	1695	2	0	0	0	0	0	30	0	0	0
41001	白色资质丹	14	4	1	0	1	2	999	1	1	0	0	1183	0	0	0	0	0	0	0	0	0	0
41002	绿色资质丹	14	4	1	0	1	2	999	1	1	0	0	1183	1	0	0	0	0	0	0	0	0	0
41003	蓝色资质丹	14	4	1	0	1	2	999	1	1	0	0	1183	2	0	0	0	0	0	0	0	0	0
41004	紫色资质丹	14	4	1	0	1	2	999	1	1	0	0	1183	3	0	0	0	0	0	0	0	0	0
41005	金色资质丹	14	4	1	0	1	2	999	1	1	0	0	1183	4	0	0	0	0	0	0	0	0	0
41006	1级无字天书	14	3	1	0	1	2	1	1	1	0	0	1183	3	0	0	0	0	0	0	0	0	0
41007	2级无字天书	14	3	1	0	1	2	1	1	1	0	0	1183	3	0	0	0	0	0	0	0	0	0
41008	3级无字天书	14	3	1	0	1	2	1	1	1	0	0	1183	3	0	0	0	0	0	0	0	0	0
41009	4级无字天书	14	3	1	0	1	2	1	1	1	0	0	1183	3	0	0	0	0	0	0	0	0	0
41010	5级无字天书	14	3	1	0	1	2	1	1	1	0	0	1183	3	0	0	0	0	0	0	0	0	0
41011	6级无字天书	14	3	1	0	1	2	1	1	1	0	0	1183	3	0	0	0	0	0	0	0	0	0
41012	7级无字天书	14	3	1	0	1	2	1	1	1	0	0	1183	3	0	0	0	0	0	0	0	0	0
41013	8级无字天书	14	3	1	0	1	2	1	1	1	0	0	1183	3	0	0	0	0	0	0	0	0	0
41014	9级无字天书	14	3	1	0	1	2	1	1	1	0	0	1183	3	0	0	0	0	0	0	0	0	0
41015	10级无字天书	14	3	1	0	1	2	1	1	1	0	0	1183	3	0	0	0	0	0	0	0	0	0
41016	小灵丹（1小时）	14	5	1	0	1	2	999	1	1	0	0	1183	1	0	0	0	0	0	0	0	0	0
41017	小灵丹（4小时）	14	5	1	0	1	2	999	1	1	0	0	1183	1	0	0	0	0	0	0	0	0	0
41018	小灵丹（8小时）	14	5	1	0	1	2	999	1	1	0	0	1183	1	0	0	0	0	0	0	0	0	0
41019	小灵丹（12小时）	14	5	1	0	1	2	999	1	1	0	0	1183	1	0	0	0	0	0	0	0	0	0
41020	中灵丹（1小时）	14	5	1	0	1	2	999	1	1	0	0	1183	2	0	0	0	0	0	0	0	0	0
41021	中灵丹（4小时）	14	5	1	0	1	2	999	1	1	0	0	1183	2	0	0	0	0	0	0	0	0	0
41022	中灵丹（8小时）	14	5	1	0	1	2	999	1	1	0	0	1183	2	0	0	0	0	0	0	0	0	0
41023	中灵丹（12小时）	14	5	1	0	1	2	999	1	1	0	0	1183	2	0	0	0	0	0	0	0	0	0
41024	大灵丹（1小时）	14	5	1	0	1	2	999	1	1	0	0	1183	3	0	0	0	0	0	0	0	0	0
41025	大灵丹（4小时）	14	5	1	0	1	2	999	1	1	0	0	1183	3	0	0	0	0	0	0	0	0	0
41026	大灵丹（8小时）	14	5	1	0	1	2	999	1	1	0	0	1183	3	0	0	0	0	0	0	0	0	0
41027	大灵丹（12小时）	14	5	1	0	1	2	999	1	1	0	0	1183	3	0	0	0	0	0	0	0	0	0
41028	神灵丹（1小时）	14	5	1	0	1	2	999	1	1	0	0	1183	4	0	0	0	0	0	0	0	0	0
41029	神灵丹（4小时）	14	5	1	0	1	2	999	1	1	0	0	1183	4	0	0	0	0	0	0	0	0	0
41030	神灵丹（8小时）	14	5	1	0	1	2	999	1	1	0	0	1183	4	0	0	0	0	0	0	0	0	0
41031	神灵丹（12小时）	14	5	1	0	1	2	999	1	1	0	0	1183	4	0	0	0	0	0	0	0	0	0
41032	聚魂丹（小）	14	6	1	0	1	2	999	1	1	0	0	1183	4	0	0	0	0	0	10	0	0	0
41033	聚魂丹（中）	14	6	1	0	1	2	999	1	1	0	0	1183	4	0	0	0	0	0	100	0	0	0
41034	聚魂丹（大）	14	6	1	0	1	2	999	1	1	0	0	1183	4	0	0	0	0	0	500	0	0	0
41035	聚魂丹（特）	14	6	1	0	1	2	999	1	1	0	0	1183	4	0	0	0	0	0	800	0	0	0
42001	生命1级	14	2	1	0	1	2	1	1	1	0	0	1695	4	0	0	0	0	0	1	1	0	0
42002	生命2级	14	2	1	0	1	2	1	1	1	0	0	1695	4	0	0	0	0	0	1	2	0	0
42003	生命3级	14	2	1	0	1	2	1	1	1	0	0	1695	4	0	0	0	0	0	1	3	0	0
42004	生命4级	14	2	1	0	1	2	1	1	1	0	0	1695	4	0	0	0	0	0	1	4	0	0
42005	生命5级	14	2	1	0	1	2	1	1	1	0	0	1695	4	0	0	0	0	0	1	5	0	0
42006	攻击1级	14	2	1	0	1	2	1	1	1	0	0	1695	4	0	0	0	0	0	2	1	0	0
42007	攻击2级	14	2	1	0	1	2	1	1	1	0	0	1695	4	0	0	0	0	0	2	2	0	0
42008	攻击3级	14	2	1	0	1	2	1	1	1	0	0	1695	4	0	0	0	0	0	2	3	0	0
42009	攻击4级	14	2	1	0	1	2	1	1	1	0	0	1695	4	0	0	0	0	0	2	4	0	0
42010	攻击5级	14	2	1	0	1	2	1	1	1	0	0	1695	4	0	0	0	0	0	2	5	0	0
42011	防御1级	14	2	1	0	1	2	1	1	1	0	0	1695	4	0	0	0	0	0	3	1	0	0
42012	防御2级	14	2	1	0	1	2	1	1	1	0	0	1695	4	0	0	0	0	0	3	2	0	0
42013	防御3级	14	2	1	0	1	2	1	1	1	0	0	1695	4	0	0	0	0	0	3	3	0	0
42014	防御4级	14	2	1	0	1	2	1	1	1	0	0	1695	4	0	0	0	0	0	3	4	0	0
42015	防御5级	14	2	1	0	1	2	1	1	1	0	0	1695	4	0	0	0	0	0	3	5	0	0
42016	暴击1级	14	2	1	0	1	2	1	1	1	0	0	1695	4	0	0	0	0	0	4	1	0	0
42017	暴击2级	14	2	1	0	1	2	1	1	1	0	0	1695	4	0	0	0	0	0	4	2	0	0
42018	暴击3级	14	2	1	0	1	2	1	1	1	0	0	1695	4	0	0	0	0	0	4	3	0	0
42019	暴击4级	14	2	1	0	1	2	1	1	1	0	0	1695	4	0	0	0	0	0	4	4	0	0
42020	暴击5级	14	2	1	0	1	2	1	1	1	0	0	1695	4	0	0	0	0	0	4	5	0	0
42021	抵挡1级	14	2	1	0	1	2	1	1	1	0	0	1695	4	0	0	0	0	0	5	1	0	0
42022	抵挡2级	14	2	1	0	1	2	1	1	1	0	0	1695	4	0	0	0	0	0	5	2	0	0
42023	抵挡3级	14	2	1	0	1	2	1	1	1	0	0	1695	4	0	0	0	0	0	5	3	0	0
42024	抵挡4级	14	2	1	0	1	2	1	1	1	0	0	1695	4	0	0	0	0	0	5	4	0	0
42025	抵挡5级	14	2	1	0	1	2	1	1	1	0	0	1695	4	0	0	0	0	0	5	5	0	0
42026	命中1级	14	2	1	0	1	2	1	1	1	0	0	1695	4	0	0	0	0	0	6	1	0	0
42027	命中2级	14	2	1	0	1	2	1	1	1	0	0	1695	4	0	0	0	0	0	6	2	0	0
42028	命中3级	14	2	1	0	1	2	1	1	1	0	0	1695	4	0	0	0	0	0	6	3	0	0
42029	命中4级	14	2	1	0	1	2	1	1	1	0	0	1695	4	0	0	0	0	0	6	4	0	0
42030	命中5级	14	2	1	0	1	2	1	1	1	0	0	1695	4	0	0	0	0	0	6	5	0	0
42031	闪避1级	14	2	1	0	1	2	1	1	1	0	0	1695	4	0	0	0	0	0	7	1	0	0
42032	闪避2级	14	2	1	0	1	2	1	1	1	0	0	1695	4	0	0	0	0	0	7	2	0	0
42033	闪避3级	14	2	1	0	1	2	1	1	1	0	0	1695	4	0	0	0	0	0	7	3	0	0
42034	闪避4级	14	2	1	0	1	2	1	1	1	0	0	1695	4	0	0	0	0	0	7	4	0	0
42035	闪避5级	14	2	1	0	1	2	1	1	1	0	0	1695	4	0	0	0	0	0	7	5	0	0
42036	眩晕攻击1级	14	2	1	0	1	2	1	1	1	0	0	1695	4	0	0	0	0	0	8	1	0	0
42037	眩晕攻击2级	14	2	1	0	1	2	1	1	1	0	0	1695	4	0	0	0	0	0	8	2	0	0
42038	眩晕攻击3级	14	2	1	0	1	2	1	1	1	0	0	1695	4	0	0	0	0	0	8	3	0	0
42039	眩晕攻击4级	14	2	1	0	1	2	1	1	1	0	0	1695	4	0	0	0	0	0	8	4	0	0
42040	眩晕攻击5级	14	2	1	0	1	2	1	1	1	0	0	1695	4	0	0	0	0	0	8	5	0	0
42041	减速攻击1级	14	2	1	0	1	2	1	1	1	0	0	1695	4	0	0	0	0	0	9	1	0	0
42042	减速攻击2级	14	2	1	0	1	2	1	1	1	0	0	1695	4	0	0	0	0	0	9	2	0	0
42043	减速攻击3级	14	2	1	0	1	2	1	1	1	0	0	1695	4	0	0	0	0	0	9	3	0	0
42044	减速攻击4级	14	2	1	0	1	2	1	1	1	0	0	1695	4	0	0	0	0	0	9	4	0	0
42045	减速攻击5级	14	2	1	0	1	2	1	1	1	0	0	1695	4	0	0	0	0	0	9	5	0	0
42046	沉默攻击1级	14	2	1	0	1	2	1	1	1	0	0	1695	4	0	0	0	0	0	10	1	0	0
42047	沉默攻击2级	14	2	1	0	1	2	1	1	1	0	0	1695	4	0	0	0	0	0	10	2	0	0
42048	沉默攻击3级	14	2	1	0	1	2	1	1	1	0	0	1695	4	0	0	0	0	0	10	3	0	0
42049	沉默攻击4级	14	2	1	0	1	2	1	1	1	0	0	1695	4	0	0	0	0	0	10	4	0	0
42050	沉默攻击5级	14	2	1	0	1	2	1	1	1	0	0	1695	4	0	0	0	0	0	10	5	0	0
42051	定身攻击1级	14	2	1	0	1	2	1	1	1	0	0	1695	4	0	0	0	0	0	11	1	0	0
42052	定身攻击2级	14	2	1	0	1	2	1	1	1	0	0	1695	4	0	0	0	0	0	11	2	0	0
42053	定身攻击3级	14	2	1	0	1	2	1	1	1	0	0	1695	4	0	0	0	0	0	11	3	0	0
42054	定身攻击4级	14	2	1	0	1	2	1	1	1	0	0	1695	4	0	0	0	0	0	11	4	0	0
42055	定身攻击5级	14	2	1	0	1	2	1	1	1	0	0	1695	4	0	0	0	0	0	11	5	0	0
42056	眩晕抗性1级	14	2	1	0	1	2	1	1	1	0	0	1695	4	0	0	0	0	0	12	1	0	0
42057	眩晕抗性2级	14	2	1	0	1	2	1	1	1	0	0	1695	4	0	0	0	0	0	12	2	0	0
42058	眩晕抗性3级	14	2	1	0	1	2	1	1	1	0	0	1695	4	0	0	0	0	0	12	3	0	0
42059	眩晕抗性4级	14	2	1	0	1	2	1	1	1	0	0	1695	4	0	0	0	0	0	12	4	0	0
42060	眩晕抗性5级	14	2	1	0	1	2	1	1	1	0	0	1695	4	0	0	0	0	0	12	5	0	0
42061	减速抗性1级	14	2	1	0	1	2	1	1	1	0	0	1695	4	0	0	0	0	0	13	1	0	0
42062	减速抗性2级	14	2	1	0	1	2	1	1	1	0	0	1695	4	0	0	0	0	0	13	2	0	0
42063	减速抗性3级	14	2	1	0	1	2	1	1	1	0	0	1695	4	0	0	0	0	0	13	3	0	0
42064	减速抗性4级	14	2	1	0	1	2	1	1	1	0	0	1695	4	0	0	0	0	0	13	4	0	0
42065	减速抗性5级	14	2	1	0	1	2	1	1	1	0	0	1695	4	0	0	0	0	0	13	5	0	0
42066	沉默抗性1级	14	2	1	0	1	2	1	1	1	0	0	1695	4	0	0	0	0	0	14	1	0	0
42067	沉默抗性2级	14	2	1	0	1	2	1	1	1	0	0	1695	4	0	0	0	0	0	14	2	0	0
42068	沉默抗性3级	14	2	1	0	1	2	1	1	1	0	0	1695	4	0	0	0	0	0	14	3	0	0
42069	沉默抗性4级	14	2	1	0	1	2	1	1	1	0	0	1695	4	0	0	0	0	0	14	4	0	0
42070	沉默抗性5级	14	2	1	0	1	2	1	1	1	0	0	1695	4	0	0	0	0	0	14	5	0	0
42071	定身抗性1级	14	2	1	0	1	2	1	1	1	0	0	1695	4	0	0	0	0	0	15	1	0	0
42072	定身抗性2级	14	2	1	0	1	2	1	1	1	0	0	1695	4	0	0	0	0	0	15	2	0	0
42073	定身抗性3级	14	2	1	0	1	2	1	1	1	0	0	1695	4	0	0	0	0	0	15	3	0	0
42074	定身抗性4级	14	2	1	0	1	2	1	1	1	0	0	1695	4	0	0	0	0	0	15	4	0	0
42075	定身抗性5级	14	2	1	0	1	2	1	1	1	0	0	1695	4	0	0	0	0	0	15	5	0	0
42076	强化猛击1级	14	2	1	0	1	2	1	1	1	0	0	1695	4	0	0	0	0	0	16	1	0	0
42077	强化猛击2级	14	2	1	0	1	2	1	1	1	0	0	1695	4	0	0	0	0	0	16	2	0	0
42078	强化猛击3级	14	2	1	0	1	2	1	1	1	0	0	1695	4	0	0	0	0	0	16	3	0	0
42079	强化猛击4级	14	2	1	0	1	2	1	1	1	0	0	1695	4	0	0	0	0	0	16	4	0	0
42080	强化猛击5级	14	2	1	0	1	2	1	1	1	0	0	1695	4	0	0	0	0	0	16	5	0	0
42081	强化横扫千军1级	14	2	1	0	1	2	1	1	1	0	0	1695	4	0	0	0	0	0	17	1	0	0
42082	强化横扫千军2级	14	2	1	0	1	2	1	1	1	0	0	1695	4	0	0	0	0	0	17	2	0	0
42083	强化横扫千军3级	14	2	1	0	1	2	1	1	1	0	0	1695	4	0	0	0	0	0	17	3	0	0
42084	强化横扫千军4级	14	2	1	0	1	2	1	1	1	0	0	1695	4	0	0	0	0	0	17	4	0	0
42085	强化横扫千军5级	14	2	1	0	1	2	1	1	1	0	0	1695	4	0	0	0	0	0	17	5	0	0
42086	强化冲锋1级	14	2	1	0	1	2	1	1	1	0	0	1695	4	0	0	0	0	0	18	1	0	0
42087	强化冲锋2级	14	2	1	0	1	2	1	1	1	0	0	1695	4	0	0	0	0	0	18	2	0	0
42088	强化冲锋3级	14	2	1	0	1	2	1	1	1	0	0	1695	4	0	0	0	0	0	18	3	0	0
42089	强化冲锋4级	14	2	1	0	1	2	1	1	1	0	0	1695	4	0	0	0	0	0	18	4	0	0
42090	强化冲锋5级	14	2	1	0	1	2	1	1	1	0	0	1695	4	0	0	0	0	0	18	5	0	0
42091	强化冰符1级	14	2	1	0	1	2	1	1	1	0	0	1695	4	0	0	0	0	0	19	1	0	0
42092	强化冰符2级	14	2	1	0	1	2	1	1	1	0	0	1695	4	0	0	0	0	0	19	2	0	0
42093	强化冰符3级	14	2	1	0	1	2	1	1	1	0	0	1695	4	0	0	0	0	0	19	3	0	0
42094	强化冰符4级	14	2	1	0	1	2	1	1	1	0	0	1695	4	0	0	0	0	0	19	4	0	0
42095	强化冰符5级	14	2	1	0	1	2	1	1	1	0	0	1695	4	0	0	0	0	0	19	5	0	0
42096	强化极寒裂冰1级	14	2	1	0	1	2	1	1	1	0	0	1695	4	0	0	0	0	0	20	1	0	0
42097	强化极寒裂冰2级	14	2	1	0	1	2	1	1	1	0	0	1695	4	0	0	0	0	0	20	2	0	0
42098	强化极寒裂冰3级	14	2	1	0	1	2	1	1	1	0	0	1695	4	0	0	0	0	0	20	3	0	0
42099	强化极寒裂冰4级	14	2	1	0	1	2	1	1	1	0	0	1695	4	0	0	0	0	0	20	4	0	0
42100	强化极寒裂冰5级	14	2	1	0	1	2	1	1	1	0	0	1695	4	0	0	0	0	0	20	5	0	0
42101	强化瞬移1级	14	2	1	0	1	2	1	1	1	0	0	1695	4	0	0	0	0	0	21	1	0	0
42102	强化瞬移2级	14	2	1	0	1	2	1	1	1	0	0	1695	4	0	0	0	0	0	21	2	0	0
42103	强化瞬移3级	14	2	1	0	1	2	1	1	1	0	0	1695	4	0	0	0	0	0	21	3	0	0
42104	强化瞬移4级	14	2	1	0	1	2	1	1	1	0	0	1695	4	0	0	0	0	0	21	4	0	0
42105	强化瞬移5级	14	2	1	0	1	2	1	1	1	0	0	1695	4	0	0	0	0	0	21	5	0	0
42106	强化急速箭1级	14	2	1	0	1	2	1	1	1	0	0	1695	4	0	0	0	0	0	22	1	0	0
42107	强化急速箭2级	14	2	1	0	1	2	1	1	1	0	0	1695	4	0	0	0	0	0	22	2	0	0
42108	强化急速箭3级	14	2	1	0	1	2	1	1	1	0	0	1695	4	0	0	0	0	0	22	3	0	0
42109	强化急速箭4级	14	2	1	0	1	2	1	1	1	0	0	1695	4	0	0	0	0	0	22	4	0	0
42110	强化急速箭5级	14	2	1	0	1	2	1	1	1	0	0	1695	4	0	0	0	0	0	22	5	0	0
42111	强化箭雨1级	14	2	1	0	1	2	1	1	1	0	0	1695	4	0	0	0	0	0	23	1	0	0
42112	强化箭雨2级	14	2	1	0	1	2	1	1	1	0	0	1695	4	0	0	0	0	0	23	2	0	0
42113	强化箭雨3级	14	2	1	0	1	2	1	1	1	0	0	1695	4	0	0	0	0	0	23	3	0	0
42114	强化箭雨4级	14	2	1	0	1	2	1	1	1	0	0	1695	4	0	0	0	0	0	23	4	0	0
42115	强化箭雨5级	14	2	1	0	1	2	1	1	1	0	0	1695	4	0	0	0	0	0	23	5	0	0
42116	强化疾行1级	14	2	1	0	1	2	1	1	1	0	0	1695	4	0	0	0	0	0	24	1	0	0
42117	强化疾行2级	14	2	1	0	1	2	1	1	1	0	0	1695	4	0	0	0	0	0	24	2	0	0
42118	强化疾行3级	14	2	1	0	1	2	1	1	1	0	0	1695	4	0	0	0	0	0	24	3	0	0
42119	强化疾行4级	14	2	1	0	1	2	1	1	1	0	0	1695	4	0	0	0	0	0	24	4	0	0
42120	强化疾行5级	14	2	1	0	1	2	1	1	1	0	0	1695	4	0	0	0	0	0	24	5	0	0
