1	901	112070001		10|12|20|21|22|30|33|50|51	1	170									
2	901	112071001		10|12|20|21|22|30|33|50|51	1	170									
3	901	112072001		10|12|20|21|22|30|33|50|51	1	170									
4	901	112073001		10|12|20|21|22|30|33|50|51	1	170									
5	901	112074001		10|12|20|21|22|30|33|50|51	1	170									
6	901	122070001		10|12|20|21|22|30|33|50|51	1	170									
7	901	122071001		10|12|20|21|22|30|33|50|51	1	170									
8	901	122072001		10|12|20|21|22|30|33|50|51	1	170									
9	901	122073001		10|12|20|21|22|30|33|50|51	1	170									
10	901	122074001		10|12|20|21|22|30|33|50|51	1	170									
11	901	132270002		10|12|20|21|22|30|33|50|51	1	25		25	100						
12	901	132271002		10|12|20|21|22|30|33|50|51	1	25		25	100						
13	901	132272002		10|12|20|21|22|30|33|50|51	1	25		25	100						
14	901	132273002		10|12|20|21|22|30|33|50|51	1	25		25	100						
15	901	132274002		10|12|20|21|22|30|33|50|51	1	25		25	100						
16	901	132270001		10|12|20|21|22|30|33|50|51	1	25		25	100						
17	901	132271001		10|12|20|21|22|30|33|50|51	1	25		25	100						
18	901	132272001		10|12|20|21|22|30|33|50|51	1	25		25	100						
19	901	132273001		10|12|20|21|22|30|33|50|51	1	25		25	100						
20	901	132274001		10|12|20|21|22|30|33|50|51	1	25		25	100						
21	901	810000010		10|12|20|21|22|30|33|50|51	1	6		6	100			20			
22	901	810000011		10|12|20|21|22|30|33|50|51	1	6		6	100			20			
23	901	810000012		10|12|20|21|22|30|33|50|51	1	6		6	100			20			
24	901	152492001		10|12|20|21|22|30|33|50|51	1	5		5	1000			100			1
25	901	152492002		10|12|20|21|22|30|33|50|51	1	5		5	1000			100			1
26	902	113070001		10|12|20|21|22|30|33|50|51	1	90									
27	902	113071001		10|12|20|21|22|30|33|50|51	1	90									
28	902	113072001		10|12|20|21|22|30|33|50|51	1	90									
29	902	113073001		10|12|20|21|22|30|33|50|51	1	90									
30	902	113074001		10|12|20|21|22|30|33|50|51	1	90									
31	902	123070001		10|12|20|21|22|30|33|50|51	1	90									
32	902	123071001		10|12|20|21|22|30|33|50|51	1	90									
33	902	123072001		10|12|20|21|22|30|33|50|51	1	90									
34	902	123073001		10|12|20|21|22|30|33|50|51	1	90									
35	902	123074001		10|12|20|21|22|30|33|50|51	1	90									
36	902	133270003		10|12|20|21|22|30|33|50|51	1	20		20	100						
37	902	133271003		10|12|20|21|22|30|33|50|51	1	20		20	100						
38	902	133272003		10|12|20|21|22|30|33|50|51	1	20		20	100						
39	902	133273003		10|12|20|21|22|30|33|50|51	1	20		20	100						
40	902	133274003		10|12|20|21|22|30|33|50|51	1	20		20	100						
41	902	810000010		10|12|20|21|22|30|33|50|51	1	5		5	100			20			
42	902	810000011		10|12|20|21|22|30|33|50|51	1	5		5	100			20			
43	902	810000012		10|12|20|21|22|30|33|50|51	1	5		5	100			20			
44	902	152490001		10|12|20|21|22|30|33|50|51	1	3		3	1000			100			1
45	902	152490002		10|12|20|21|22|30|33|50|51	1	2		2	1000			100			1
46	903	114070001		10|12|20|21|22|30|33|50|51	1	90									
47	903	114071001		10|12|20|21|22|30|33|50|51	1	90									
48	903	114072001		10|12|20|21|22|30|33|50|51	1	90									
49	903	114073001		10|12|20|21|22|30|33|50|51	1	90									
50	903	114074001		10|12|20|21|22|30|33|50|51	1	90									
51	903	124070001		10|12|20|21|22|30|33|50|51	1	90									
52	903	124071001		10|12|20|21|22|30|33|50|51	1	90									
53	903	124072001		10|12|20|21|22|30|33|50|51	1	90									
54	903	124073001		10|12|20|21|22|30|33|50|51	1	90									
55	903	124074001		10|12|20|21|22|30|33|50|51	1	90									
56	903	134270003		10|12|20|21|22|30|33|50|51	1	16		16	100						
57	903	134271004		10|12|20|21|22|30|33|50|51	1	16		16	100						
58	903	134272003		10|12|20|21|22|30|33|50|51	1	16		16	100						
59	903	134273003		10|12|20|21|22|30|33|50|51	1	16		16	100						
60	903	134274003		10|12|20|21|22|30|33|50|51	1	16		16	100						
61	903	810000010		10|12|20|21|22|30|33|50|51	1	6		6	100			20			
62	903	810000011		10|12|20|21|22|30|33|50|51	1	6		6	100			20			
63	903	810000012		10|12|20|21|22|30|33|50|51	1	6		6	100			20			
64	903	154492002		10|12|20|21|22|30|33|50|51	1	3		3	1000			100			1
65	903	154492003		10|12|20|21|22|30|33|50|51	1	2		2	1000			100			1
66	904	115270001		10|12|20|21|22|30|33|50|51	1	95									
67	904	115271001		10|12|20|21|22|30|33|50|51	1	95									
68	904	115272001		10|12|20|21|22|30|33|50|51	1	95									
69	904	115273001		10|12|20|21|22|30|33|50|51	1	95									
70	904	115274001		10|12|20|21|22|30|33|50|51	1	95									
71	904	125270001		10|12|20|21|22|30|33|50|51	1	95									
72	904	125271001		10|12|20|21|22|30|33|50|51	1	95									
73	904	125272001		10|12|20|21|22|30|33|50|51	1	95									
74	904	125273001		10|12|20|21|22|30|33|50|51	1	95									
75	904	125274001		10|12|20|21|22|30|33|50|51	1	95									
76	904	135470002		10|12|20|21|22|30|33|50|51	1	10		10	100						
77	904	135471002		10|12|20|21|22|30|33|50|51	1	10		10	100						
78	904	135472002		10|12|20|21|22|30|33|50|51	1	10		10	100						
79	904	135473002		10|12|20|21|22|30|33|50|51	1	10		10	100						
80	904	135474002		10|12|20|21|22|30|33|50|51	1	10		10	100						
81	904	810000010		10|12|20|21|22|30|33|50|51	1	7		3	100			30			
82	904	810000011		10|12|20|21|22|30|33|50|51	1	7		3	100			30			
83	904	810000012		10|12|20|21|22|30|33|50|51	1	7		3	100			30			
84	904	154490002		10|12|20|21|22|30|33|50|51	1	3		3	1000			100			1
85	904	154490003		10|12|20|21|22|30|33|50|51	1	2		2	1000			100			1
86	905	112050001		10|12|20|21|22|30|33|50|51	1	85									
87	905	112051001		10|12|20|21|22|30|33|50|51	1	85									
88	905	112052001		10|12|20|21|22|30|33|50|51	1	85									
89	905	112053001		10|12|20|21|22|30|33|50|51	1	85									
90	905	112054001		10|12|20|21|22|30|33|50|51	1	85									
91	905	122050001		10|12|20|21|22|30|33|50|51	1	85									
92	905	122051001		10|12|20|21|22|30|33|50|51	1	85									
93	905	122052001		10|12|20|21|22|30|33|50|51	1	85									
94	905	122053001		10|12|20|21|22|30|33|50|51	1	85									
95	905	122054001		10|12|20|21|22|30|33|50|51	1	85									
96	905	132250001		10|12|20|21|22|30|33|50|51	1	25		25	100						
97	905	132251001		10|12|20|21|22|30|33|50|51	1	25		25	100						
98	905	132252001		10|12|20|21|22|30|33|50|51	1	25		25	100						
99	905	132253001		10|12|20|21|22|30|33|50|51	1	25		25	100						
100	905	132254001		10|12|20|21|22|30|33|50|51	1	25		25	100						
101	905	810000010		10|12|20|21|22|30|33|50|51	1	3		3	100			20			
102	905	810000011		10|12|20|21|22|30|33|50|51	1	3		3	100			20			
103	905	810000012		10|12|20|21|22|30|33|50|51	1	3		3	100			20			
104	905	152492001		10|12|20|21|22|30|33|50|51	1	3		3	1000			100			1
105	905	152492002		10|12|20|21|22|30|33|50|51	1	2		2	1000			100			1
106	906	113050001		10|12|20|21|22|30|33|50|51	1	90									
107	906	113051001		10|12|20|21|22|30|33|50|51	1	90									
108	906	113052001		10|12|20|21|22|30|33|50|51	1	90									
109	906	113053001		10|12|20|21|22|30|33|50|51	1	90									
110	906	113054001		10|12|20|21|22|30|33|50|51	1	90									
111	906	123050001		10|12|20|21|22|30|33|50|51	1	90									
112	906	123051001		10|12|20|21|22|30|33|50|51	1	90									
113	906	123052001		10|12|20|21|22|30|33|50|51	1	90									
114	906	123053001		10|12|20|21|22|30|33|50|51	1	90									
115	906	123054001		10|12|20|21|22|30|33|50|51	1	90									
116	906	133250003		10|12|20|21|22|30|33|50|51	1	20		20	100						
117	906	133251003		10|12|20|21|22|30|33|50|51	1	20		20	100						
118	906	133252003		10|12|20|21|22|30|33|50|51	1	20		20	100						
119	906	133253003		10|12|20|21|22|30|33|50|51	1	20		20	100						
120	906	133254003		10|12|20|21|22|30|33|50|51	1	20		20	100						
121	906	810000010		10|12|20|21|22|30|33|50|51	1	5		5	100			20			
122	906	810000011		10|12|20|21|22|30|33|50|51	1	5		5	100			20			
123	906	810000012		10|12|20|21|22|30|33|50|51	1	5		5	100			20			
124	906	152490001		10|12|20|21|22|30|33|50|51	1	3		3	1000			100			1
125	906	152490002		10|12|20|21|22|30|33|50|51	1	2		2	1000			100			1
126	907	114050001		10|12|20|21|22|30|33|50|51	1	90									
127	907	114051001		10|12|20|21|22|30|33|50|51	1	90									
128	907	114052001		10|12|20|21|22|30|33|50|51	1	90									
129	907	114053001		10|12|20|21|22|30|33|50|51	1	90									
130	907	114054001		10|12|20|21|22|30|33|50|51	1	90									
131	907	124050001		10|12|20|21|22|30|33|50|51	1	90									
132	907	124051001		10|12|20|21|22|30|33|50|51	1	90									
133	907	124052001		10|12|20|21|22|30|33|50|51	1	90									
134	907	124053001		10|12|20|21|22|30|33|50|51	1	90									
135	907	124054001		10|12|20|21|22|30|33|50|51	1	90									
136	907	134250003		10|12|20|21|22|30|33|50|51	1	16		16	100						
137	907	134251003		10|12|20|21|22|30|33|50|51	1	16		16	100						
138	907	133752004		10|12|20|21|22|30|33|50|51	1	16		16	100						
139	907	133753004		10|12|20|21|22|30|33|50|51	1	16		16	100						
140	907	133754004		10|12|20|21|22|30|33|50|51	1	16		16	100						
141	907	810000010		10|12|20|21|22|30|33|50|51	1	6		6	100			20			
142	907	810000011		10|12|20|21|22|30|33|50|51	1	6		6	100			20			
143	907	810000012		10|12|20|21|22|30|33|50|51	1	6		6	100			20			
144	907	154492002		10|12|20|21|22|30|33|50|51	1	3		3	1000			100			1
145	907	154492003		10|12|20|21|22|30|33|50|51	1	2		2	1000			100			1
146	908	115250001		10|12|20|21|22|30|33|50|51	1	95									
147	908	115251001		10|12|20|21|22|30|33|50|51	1	95									
148	908	115252001		10|12|20|21|22|30|33|50|51	1	95									
149	908	115253001		10|12|20|21|22|30|33|50|51	1	95									
150	908	115254001		10|12|20|21|22|30|33|50|51	1	95									
151	908	125250001		10|12|20|21|22|30|33|50|51	1	95									
152	908	125251001		10|12|20|21|22|30|33|50|51	1	95									
153	908	125252001		10|12|20|21|22|30|33|50|51	1	95									
154	908	125253001		10|12|20|21|22|30|33|50|51	1	95									
155	908	125254001		10|12|20|21|22|30|33|50|51	1	95									
156	908	135250001		10|12|20|21|22|30|33|50|51	1	10		10	100						
157	908	135251001		10|12|20|21|22|30|33|50|51	1	10		10	100						
158	908	134752003		10|12|20|21|22|30|33|50|51	1	10		10	100						
159	908	134753003		10|12|20|21|22|30|33|50|51	1	10		10	100						
160	908	134754003		10|12|20|21|22|30|33|50|51	1	10		10	100						
161	908	810000010		10|12|20|21|22|30|33|50|51	1	7		3	100			30			
162	908	810000011		10|12|20|21|22|30|33|50|51	1	7		3	100			30			
163	908	810000012		10|12|20|21|22|30|33|50|51	1	7		3	100			30			
164	908	154490002		10|12|20|21|22|30|33|50|51	1	3		3	1000			100			1
165	908	154490003		10|12|20|21|22|30|33|50|51	1	2		2	1000			100			1
166	909	112040001		10|12|20|21|22|30|33|50|51	1	85									
167	909	112041001		10|12|20|21|22|30|33|50|51	1	85									
168	909	112042001		10|12|20|21|22|30|33|50|51	1	85									
169	909	112043001		10|12|20|21|22|30|33|50|51	1	85									
170	909	112044001		10|12|20|21|22|30|33|50|51	1	85									
171	909	122040001		10|12|20|21|22|30|33|50|51	1	85									
172	909	122041001		10|12|20|21|22|30|33|50|51	1	85									
173	909	122042001		10|12|20|21|22|30|33|50|51	1	85									
174	909	122043001		10|12|20|21|22|30|33|50|51	1	85									
175	909	122044001		10|12|20|21|22|30|33|50|51	1	85									
176	909	132240001		10|12|20|21|22|30|33|50|51	1	25		25	100						
177	909	132241001		10|12|20|21|22|30|33|50|51	1	25		25	100						
178	909	132242002		10|12|20|21|22|30|33|50|51	1	25		25	100						
179	909	132243001		10|12|20|21|22|30|33|50|51	1	25		25	100						
180	909	132244001		10|12|20|21|22|30|33|50|51	1	25		25	100						
181	909	810000010		10|12|20|21|22|30|33|50|51	1	3		3	100			20			
182	909	810000011		10|12|20|21|22|30|33|50|51	1	3		3	100			20			
183	909	810000012		10|12|20|21|22|30|33|50|51	1	3		3	100			20			
184	909	152492001		10|12|20|21|22|30|33|50|51	1	3		3	1000			100			1
185	909	152492002		10|12|20|21|22|30|33|50|51	1	2		2	1000			100			1
186	910	113040001		10|12|20|21|22|30|33|50|51	1	90									
187	910	113041001		10|12|20|21|22|30|33|50|51	1	90									
188	910	113042001		10|12|20|21|22|30|33|50|51	1	90									
189	910	113043001		10|12|20|21|22|30|33|50|51	1	90									
190	910	113044001		10|12|20|21|22|30|33|50|51	1	90									
191	910	123040001		10|12|20|21|22|30|33|50|51	1	90									
192	910	123041001		10|12|20|21|22|30|33|50|51	1	90									
193	910	123042001		10|12|20|21|22|30|33|50|51	1	90									
194	910	123043001		10|12|20|21|22|30|33|50|51	1	90									
195	910	123044001		10|12|20|21|22|30|33|50|51	1	90									
196	910	133240005		10|12|20|21|22|30|33|50|51	1	20		20	100						
197	910	133241005		10|12|20|21|22|30|33|50|51	1	20		20	100						
198	910	132742004		10|12|20|21|22|30|33|50|51	1	20		20	100						
199	910	132743004		10|12|20|21|22|30|33|50|51	1	20		20	100						
200	910	132744004		10|12|20|21|22|30|33|50|51	1	20		20	100						
201	910	810000010		10|12|20|21|22|30|33|50|51	1	5		5	100			20			
202	910	810000011		10|12|20|21|22|30|33|50|51	1	5		5	100			20			
203	910	810000012		10|12|20|21|22|30|33|50|51	1	5		5	100			20			
204	910	152490001		10|12|20|21|22|30|33|50|51	1	3		3	1000			100			1
205	910	152490002		10|12|20|21|22|30|33|50|51	1	2		2	1000			100			1
206	911	114040001		10|12|20|21|22|30|33|50|51	1	90									
207	911	114041001		10|12|20|21|22|30|33|50|51	1	90									
208	911	114042001		10|12|20|21|22|30|33|50|51	1	90									
209	911	114043001		10|12|20|21|22|30|33|50|51	1	90									
210	911	114044001		10|12|20|21|22|30|33|50|51	1	90									
211	911	124040001		10|12|20|21|22|30|33|50|51	1	90									
212	911	124041001		10|12|20|21|22|30|33|50|51	1	90									
213	911	124042001		10|12|20|21|22|30|33|50|51	1	90									
214	911	124043001		10|12|20|21|22|30|33|50|51	1	90									
215	911	124044001		10|12|20|21|22|30|33|50|51	1	90									
216	911	134240003		10|12|20|21|22|30|33|50|51	1	16		16	100						
217	911	134241003		10|12|20|21|22|30|33|50|51	1	16		16	100						
218	911	133742004		10|12|20|21|22|30|33|50|51	1	16		16	100						
219	911	133743003		10|12|20|21|22|30|33|50|51	1	16		16	100						
220	911	133744003		10|12|20|21|22|30|33|50|51	1	16		16	100						
221	911	810000010		10|12|20|21|22|30|33|50|51	1	6		6	100			20			
222	911	810000011		10|12|20|21|22|30|33|50|51	1	6		6	100			20			
223	911	810000012		10|12|20|21|22|30|33|50|51	1	6		6	100			20			
224	911	154492002		10|12|20|21|22|30|33|50|51	1	3		3	1000			100			1
225	911	154492003		10|12|20|21|22|30|33|50|51	1	2		2	1000			100			1
226	912	115240001		10|12|20|21|22|30|33|50|51	1	95									
227	912	115241001		10|12|20|21|22|30|33|50|51	1	95									
228	912	115242001		10|12|20|21|22|30|33|50|51	1	95									
229	912	115243001		10|12|20|21|22|30|33|50|51	1	95									
230	912	115244001		10|12|20|21|22|30|33|50|51	1	95									
231	912	125240001		10|12|20|21|22|30|33|50|51	1	95									
232	912	125241001		10|12|20|21|22|30|33|50|51	1	95									
233	912	125242001		10|12|20|21|22|30|33|50|51	1	95									
234	912	125243001		10|12|20|21|22|30|33|50|51	1	95									
235	912	125244001		10|12|20|21|22|30|33|50|51	1	95									
236	912	135440001		10|12|20|21|22|30|33|50|51	1	10		10	100						
237	912	135441003		10|12|20|21|22|30|33|50|51	1	10		10	100						
238	912	135442003		10|12|20|21|22|30|33|50|51	1	10		10	100						
239	912	135443003		10|12|20|21|22|30|33|50|51	1	10		10	100						
240	912	135444003		10|12|20|21|22|30|33|50|51	1	10		10	100						
241	912	810000010		10|12|20|21|22|30|33|50|51	1	7		3	100			30			
242	912	810000011		10|12|20|21|22|30|33|50|51	1	7		3	100			30			
243	912	810000012		10|12|20|21|22|30|33|50|51	1	7		3	100			30			
244	912	154490002		10|12|20|21|22|30|33|50|51	1	3		3	1000			100			1
245	912	154490003		10|12|20|21|22|30|33|50|51	1	2		2	1000			100			1
9999	801	600000006		10|12|20|21|22|30|33|50|51	3	0									
247	801	200000004		10|12|20|21|22|30|33|50|51	30	1000							6		
248	801	200000004		10|12|20|21|22|30|33|50|51	25	1500							6		
249	801	200000004		10|12|20|21|22|30|33|50|51	20	2000									
250	801	200001001		10|12|20|21|22|30|33|50|51	5	3000									
251	801	200001001		10|12|20|21|22|30|33|50|51	10	500									
252	801	600000006		10|12|20|21|22|30|33|50|51	3	2000									
253	801	600000006		10|12|20|21|22|30|33|50|51	5	500									
254	801	200005001		10|12|20|21|22|30|33|50|51	5	1900									
255	801	200006001		10|12|20|21|22|30|33|50|51	5	1900									
256	801	200004001		10|12|20|21|22|30|33|50|51	5	1900									
257	801	200003001		10|12|20|21|22|30|33|50|51	5	1900									
258	801	200000310		10|12|20|21|22|30|33|50|51	1	800		800	20						1
259	801	200000314		10|12|20|21|22|30|33|50|51	1	5		4	500			400	2000		1
260	801	200000315		10|12|20|21|22|30|33|50|51	1	10		9	200			200	500		1
261	801	200000316		10|12|20|21|22|30|33|50|51	1	50		45	50			10	6		1
262	801	200000323		10|12|20|21|22|30|33|50|51	1	300									
263	801	200000324		10|12|20|21|22|30|33|50|51	1	600									
264	801	800000035		10|12|20|21|22|30|33|50|51	1	1500		1499	5						
265	801	800000084		10|12|20|21|22|30|33|50|51	1	900		899	50						
266	801	800000085		10|12|20|21|22|30|33|50|51	1	150		149	100			100			1
267	801	130193053		10|12|20|21|22|30|33|50|51	1	200		200	1000			100	500		1
268	801	531005006		10|12	1	33						300	2000	1	1
269	801	532005006		20|21|22	1	33						300	2000	1	1
270	801	533005006		30|33	1	33						300	2000	1	1
271	801	535005006		50|51	1	33						300	2000	1	1
272	801	810000004		10|12|20|21|22|30|33|50|51	1	50		50	500			200	1000		1
273	801	810000007		10|12|20|21|22|30|33|50|51	1	300		300	200			10	30		1
274	801	810000008		10|12|20|21|22|30|33|50|51	1	200		200	200			20	100		1
275	801	145440001		10|12|20|21|22|30|33|50|51	1	5		3	300			100	30		1
276	801	145441001		10|12|20|21|22|30|33|50|51	1	7		5	300			75	30		1
277	801	145442001		10|12|20|21|22|30|33|50|51	1	10		7	300			50	30		1
278	801	144943001		10|12|20|21|22|30|33|50|51	1	14		11	300			50	30		1
279	801	144944001		10|12|20|21|22|30|33|50|51	1	18		14	300			50	30		1
280	801	145450001		10|12|20|21|22|30|33|50|51	1	5		3	300			100	30		1
281	801	145451001		10|12|20|21|22|30|33|50|51	1	7		5	300			75	30		1
282	801	145452001		10|12|20|21|22|30|33|50|51	1	10		7	300			50	30		1
283	801	144953001		10|12|20|21|22|30|33|50|51	1	14		11	300			50	30		1
284	801	144954001		10|12|20|21|22|30|33|50|51	1	18		14	300			50	30		1
285	801	145470001		10|12|20|21|22|30|33|50|51	1	5		3	300			100	30		1
286	801	145471001		10|12|20|21|22|30|33|50|51	1	7		5	300			75	30		1
287	801	145472001		10|12|20|21|22|30|33|50|51	1	10		7	300			50	30		1
288	801	144973001		10|12|20|21|22|30|33|50|51	1	14		11	300			50	30		1
289	801	144974001		10|12|20|21|22|30|33|50|51	1	18		14	300			50	30		1
290	801	600000007		10|12|20|21|22|30|33|50|51	10000	2000									
291	801	600000007		10|12|20|21|22|30|33|50|51	20000	1000									
292	801	600000007		10|12|20|21|22|30|33|50|51	30000	400									
293	801	600000007		10|12|20|21|22|30|33|50|51	100000	50									
294	801	200110002		10|12|20|21|22|30|33|50|51	3	2000									
295	801	200110002		10|12|20|21|22|30|33|50|51	5	500									
296	801	200110001		10|12|20|21|22|30|33|50|51	1	1000									
297	801	200000006		10|12|20|21|22|30|33|50|51	1	1000									
298	801	230000901		10|12|20|21|22|30|33|50|51	1	55									
299	801	230000902		10|12|20|21|22|30|33|50|51	1	20									
300	801	230000903		10|12|20|21|22|30|33|50|51	1	10						30			
301	801	230000904		10|12|20|21|22|30|33|50|51	1	55									
302	801	230000905		10|12|20|21|22|30|33|50|51	1	55									
303	801	230000906		10|12|20|21|22|30|33|50|51	1	20									
304	801	230000907		10|12|20|21|22|30|33|50|51	1	10						30			
305	801	230000908		10|12|20|21|22|30|33|50|51	1	55									
306	801	230000909		10|12|20|21|22|30|33|50|51	1	20									
307	801	230000910		10|12|20|21|22|30|33|50|51	1	10						30			
308	801	230000911		10|12|20|21|22|30|33|50|51	1	55									
309	801	230000912		10|12|20|21|22|30|33|50|51	1	20									
310	801	230000913		10|12|20|21|22|30|33|50|51	1	10						30			
311	801	230000914		10|12|20|21|22|30|33|50|51	1	55									
312	801	230000915		10|12|20|21|22|30|33|50|51	1	20									
313	801	230000916		10|12|20|21|22|30|33|50|51	1	10						30	6		
314	801	230000917		10|12|20|21|22|30|33|50|51	1	55									
315	801	230000918		10|12|20|21|22|30|33|50|51	1	20									
316	801	230000919		10|12|20|21|22|30|33|50|51	1	10						30			
317	801	230000920		10|12|20|21|22|30|33|50|51	1	55									
318	801	230000921		10|12|20|21|22|30|33|50|51	1	55									
319	801	230000922		10|12|20|21|22|30|33|50|51	1	20									
320	801	230000923		10|12|20|21|22|30|33|50|51	1	10						30			
321	801	230000924		10|12|20|21|22|30|33|50|51	1	55									
322	801	230000925		10|12|20|21|22|30|33|50|51	1	20									
323	801	230000926		10|12|20|21|22|30|33|50|51	1	55									
324	801	230000927		10|12|20|21|22|30|33|50|51	1	10						30	6		
325	801	230000928		10|12|20|21|22|30|33|50|51	1	55									
326	801	230000929		10|12|20|21|22|30|33|50|51	1	20									
327	801	230000930		10|12|20|21|22|30|33|50|51	1	10						30			
328	801	240000901		10|12|20|21|22|30|33|50|51	1	10		10	100			50	200		1
329	801	240000902		10|12|20|21|22|30|33|50|51	1	10		10	100			50	200		1
330	801	240000903		10|12|20|21|22|30|33|50|51	1	10		10	100			50	200		1
331	801	240000904		10|12|20|21|22|30|33|50|51	1	10		10	100			50	200		1
332	801	240000905		10|12|20|21|22|30|33|50|51	1	10		10	100			50	200		1
333	801	240000906		10|12|20|21|22|30|33|50|51	1	10		10	100			50	200		1
334	801	240000907		10|12|20|21|22|30|33|50|51	1	10		10	100			50	200		1
335	101	600000008		10|12|20|21|22|30|33|50|51	10	100							0	0	
336	101	600000008		10|12|20|21|22|30|33|50|51	20	100							0	0	
337	101	200000001		10|12|20|21|22|30|33|50|51	10	100							0	0	
338	101	200000002		10|12|20|21|22|30|33|50|51	10	100							0	0	
339	101	600000001		10|12|20|21|22|30|33|50|51	500	100							0	0	
340	101	200001001		10|12|20|21|22|30|33|50|51	1	100							0	0	
341	102	600000008		10|12|20|21|22|30|33|50|51	20	100							0	0	
342	102	600000008		10|12|20|21|22|30|33|50|51	30	100							0	0	
343	102	200000001		10|12|20|21|22|30|33|50|51	15	100							0	0	
344	102	200000002		10|12|20|21|22|30|33|50|51	15	100							0	0	
345	102	600000001		10|12|20|21|22|30|33|50|51	1000	100							0	0	
346	102	200001001		10|12|20|21|22|30|33|50|51	2	100							0	0	
347	103	600000008		10|12|20|21|22|30|33|50|51	20	100							0	0	
348	103	600000008		10|12|20|21|22|30|33|50|51	30	100							0	0	
349	103	200000001		10|12|20|21|22|30|33|50|51	15	100							0	0	
350	103	200000002		10|12|20|21|22|30|33|50|51	15	100							0	0	
351	103	600000001		10|12|20|21|22|30|33|50|51	1000	100							0	0	
352	103	200001001		10|12|20|21|22|30|33|50|51	2	100							0	0	
353	104	600000008		10|12|20|21|22|30|33|50|51	20	100							0	0	
354	104	600000008		10|12|20|21|22|30|33|50|51	30	100							0	0	
355	104	200000001		10|12|20|21|22|30|33|50|51	15	100							0	0	
356	104	200000002		10|12|20|21|22|30|33|50|51	15	100							0	0	
357	104	600000001		10|12|20|21|22|30|33|50|51	1000	100							0	0	
358	104	200001001		10|12|20|21|22|30|33|50|51	2	100							0	0	
359	105	600000008		10|12|20|21|22|30|33|50|51	30	100							0	0	
360	105	600000008		10|12|20|21|22|30|33|50|51	40	100							0	0	
361	105	200000001		10|12|20|21|22|30|33|50|51	20	100							0	0	
362	105	200000002		10|12|20|21|22|30|33|50|51	20	100							0	0	
363	105	600000001		10|12|20|21|22|30|33|50|51	1500	100							0	0	
364	105	600000006		10|12|20|21|22|30|33|50|51	1	100							0	0	
365	105	800000124		10|12|20|21|22|30|33|50|51	1	100									
366	106	600000008		10|12|20|21|22|30|33|50|51	30	100							0	0	
367	106	600000008		10|12|20|21|22|30|33|50|51	40	100							0	0	
368	106	200000001		10|12|20|21|22|30|33|50|51	20	100							0	0	
369	106	200000002		10|12|20|21|22|30|33|50|51	20	100							0	0	
370	106	600000001		10|12|20|21|22|30|33|50|51	1500	100							0	0	
371	106	600000006		10|12|20|21|22|30|33|50|51	1	100									
372	106	800000124		10|12|20|21|22|30|33|50|51	1	100									
373	107	600000008		10|12|20|21|22|30|33|50|51	30	100									
374	107	600000008		10|12|20|21|22|30|33|50|51	40	100									
375	107	200000001		10|12|20|21|22|30|33|50|51	20	100									
376	107	200000002		10|12|20|21|22|30|33|50|51	20	100									
377	107	600000001		10|12|20|21|22|30|33|50|51	1500	100									
378	107	600000006		10|12|20|21|22|30|33|50|51	1	100									
379	107	800000124		10|12|20|21|22|30|33|50|51	1	100									
380	108	600000008		10|12|20|21|22|30|33|50|51	40	100									
381	108	600000008		10|12|20|21|22|30|33|50|51	50	100									
382	108	200000002		10|12|20|21|22|30|33|50|51	25	100									
383	108	200000001		10|12|20|21|22|30|33|50|51	25	100									
384	108	600000001		10|12|20|21|22|30|33|50|51	3000	100									
385	108	600000006		10|12|20|21|22|30|33|50|51	2	100									
386	108	800000124		10|12|20|21|22|30|33|50|51	2	100									
387	108	300000501		10|12|20|21|22|30|33|50|51	1	100									
388	109	600000008		10|12|20|21|22|30|33|50|51	40	100									
389	109	600000008		10|12|20|21|22|30|33|50|51	50	100									
390	109	200000002		10|12|20|21|22|30|33|50|51	25	100									
391	109	200000001		10|12|20|21|22|30|33|50|51	25	100									
392	109	600000001		10|12|20|21|22|30|33|50|51	3000	100									
393	109	600000006		10|12|20|21|22|30|33|50|51	2	100									
394	109	800000124		10|12|20|21|22|30|33|50|51	2	100									
395	109	300000501		10|12|20|21|22|30|33|50|51	1	100									
396	110	600000008		10|12|20|21|22|30|33|50|51	40	100									
397	110	600000008		10|12|20|21|22|30|33|50|51	50	100									
398	110	200000002		10|12|20|21|22|30|33|50|51	25	100									
399	110	200000001		10|12|20|21|22|30|33|50|51	25	100									
400	110	600000001		10|12|20|21|22|30|33|50|51	3000	100									
401	110	600000006		10|12|20|21|22|30|33|50|51	2	100									
402	110	800000124		10|12|20|21|22|30|33|50|51	2	100									
403	110	300000501		10|12|20|21|22|30|33|50|51	1	100									
404	111	600000008		10|12|20|21|22|30|33|50|51	50	100									
405	111	600000008		10|12|20|21|22|30|33|50|51	60	100									
406	111	200000002		10|12|20|21|22|30|33|50|51	30	100									
407	111	200000001		10|12|20|21|22|30|33|50|51	30	100									
408	111	600000001		10|12|20|21|22|30|33|50|51	10000	100									
409	111	600000006		10|12|20|21|22|30|33|50|51	3	100									
410	111	800000124		10|12|20|21|22|30|33|50|51	3	100									
411	111	300000501		10|12|20|21|22|30|33|50|51	2	100									
412	601	132770001		20|21|22|30|33|50|51	1	3		3	300						0
413	601	132771001		20|21|22|30|33|50|51	1	3		3	300						0
414	601	132772001		20|21|22|30|33|50|51	1	3		3	300						0
415	601	132773001		20|21|22|30|33|50|51	1	3		3	300						0
416	601	132774001		20|21|22|30|33|50|51	1	3		3	300						0
417	601	132770002		10|12|20|21|30|33|50|51	1	3		3	300						0
418	601	132771002		10|12|20|21|30|33|50|51	1	3		3	300						0
419	601	132772002		10|12|20|21|30|33|50|51	1	3		3	300						0
420	601	132773002		10|12|20|21|30|33|50|51	1	3		3	300						0
421	601	132774002		10|12|20|21|30|33|50|51	1	3		3	300						0
422	601	132750001		10|12|22|30|33	1	3		3	300						0
423	601	132751001		10|12|22|30|33	1	3		3	300						0
424	601	132752001		10|12|22|30|33	1	3		3	300						0
425	601	132753001		10|12|22|30|33	1	3		3	300						0
426	601	132754001		10|12|22|30|33	1	3		3	300						0
427	601	132740001		10|12|20|21|22|50|51	1	3		3	300						0
428	601	132741002		10|12|20|21|22|50|51	1	3		3	300						0
429	601	132742002		10|12|20|21|22|50|51	1	3		3	300						0
430	601	132743002		10|12|20|21|22|50|51	1	3		3	300						0
431	601	132744002		10|12|20|21|22|50|51	1	3		3	300						0
432	601	132770001		10|12	1	50		50	300					1	0
433	601	132771001		10|12	1	50		50	300					1	0
434	601	132772001		10|12	1	50		50	300					1	0
435	601	132773001		10|12	1	50		50	300					1	0
436	601	132774001		10|12	1	50		50	300					1	0
437	601	132770002		22	1	50		50	300					1	0
438	601	132771002		22	1	50		50	300					1	0
439	601	132772002		22	1	50		50	300					1	0
440	601	132773002		22	1	50		50	300					1	0
441	601	132774002		22	1	50		50	300					1	0
442	601	132750001		20|21|50|51	1	50		50	300					1	0
443	601	132751001		20|21|50|51	1	50		50	300					1	0
444	601	132752001		20|21|50|51	1	50		50	300					1	0
445	601	132753001		20|21|50|51	1	50		50	300					1	0
446	601	132754001		20|21|50|51	1	50		50	300					1	0
447	601	132740001		30|33	1	50		50	300					1	0
448	601	132741002		30|33	1	50		50	300					1	0
449	601	132742002		30|33	1	50		50	300					1	0
450	601	132743002		30|33	1	50		50	300					1	0
451	601	132744002		30|33	1	50		50	300					1	0
452	601	151440001		10|12|20|21|22|30|33|50|51	1	1						50	30	1	1
453	601	151440001		10|12|20|21|22|30|33|50|51	1	0						175	300	1	1
454	601	151441001		10|12|20|21|22|30|33|50|51	1	1						30	6	1	1
455	601	151442001		10|12|20|21|22|30|33|50|51	1	2		2	100						1
456	601	151443001		10|12|20|21|22|30|33|50|51	1	2		2	100						1
457	601	151444001		10|12|20|21|22|30|33|50|51	1	2		2	100						1
458	601	152492001		10|12|20|21|22|30|33|50|51	1	2		2	100						1
459	601	152492002		10|12|20|21|22|30|33|50|51	1	2		2	100						1
460	601	152490001		10|12|20|21|22|30|33|50|51	1	2		2	100						1
461	601	152490002		10|12|20|21|22|30|33|50|51	1	2		2	100						1
462	601	151810001		10|12|20|21|22|30|33|50|51	1	2		2	100						1
463	601	151511001		10|12|20|21|22|30|33|50|51	1	2		2	100						1
464	601	151617001		10|12|20|21|22|30|33|50|51	1	2		2	100						1
465	601	151920001		10|12|20|21|22|30|33|50|51	1	2		2	100						1
466	601	152411001		10|12|20|21|22|30|33|50|51	1	1						50	30	1	1
467	601	152415001		10|12|20|21|22|30|33|50|51	1	1						30	6	1	1
468	601	152417001		10|12|20|21|22|30|33|50|51	1	1						30	6	1	1
469	601	152421001		10|12|20|21|22|30|33|50|51	1	1						30	6	1	1
470	601	800000035		10|12|20|21|22|30|33|50|51	1	150		150	12						
471	601	800000084		10|12|20|21|22|30|33|50|51	1	50		50	40						
472	601	800000085		10|12|20|21|22|30|33|50|51	1	15		15	100			30			1
473	601	600000006		10|12|20|21|22|30|33|50|51	1	200									
474	601	600000006		10|12|20|21|22|30|33|50|51	2	100									
475	601	600000006		10|12|20|21|22|30|33|50|51	3	50									
476	601	200001001		10|12|20|21|22|30|33|50|51	3	200									
477	601	200001001		10|12|20|21|22|30|33|50|51	5	100									
478	601	200005001		10|12|20|21|22|30|33|50|51	3	100									
479	601	200006001		10|12|20|21|22|30|33|50|51	3	100									
480	601	200004001		10|12|20|21|22|30|33|50|51	3	100									
481	601	200003001		10|12|20|21|22|30|33|50|51	3	100									
482	601	200110002		10|12|20|21|22|30|33|50|51	3	200									
483	601	200110002		10|12|20|21|22|30|33|50|51	5	100									
484	601	200000006		10|12|20|21|22|30|33|50|51	1	100									
485	602	133770003		20|21|22|30|33|50|51	1	3		3	350						0
486	602	133771003		20|21|22|30|33|50|51	1	3		3	350						0
487	602	133772003		20|21|22|30|33|50|51	1	3		3	350						0
488	602	133773003		20|21|22|30|33|50|51	1	3		3	350						0
489	602	133774003		20|21|22|30|33|50|51	1	3		3	350						0
490	602	133770004		10|12|20|21|30|33|50|51	1	3		3	350						0
491	602	133771004		10|12|20|21|30|33|50|51	1	3		3	350						0
492	602	133772004		10|12|20|21|30|33|50|51	1	3		3	350						0
493	602	133773004		10|12|20|21|30|33|50|51	1	3		3	350						0
494	602	133774004		10|12|20|21|30|33|50|51	1	3		3	350						0
495	602	133750001		10|12|22|30|33	1	3		3	350						0
496	602	133751003		10|12|22|30|33	1	3		3	350						0
497	602	133752001		10|12|22|30|33	1	3		3	350						0
498	602	133753001		10|12|22|30|33	1	3		3	350						0
499	602	133754001		10|12|22|30|33	1	3		3	350						0
500	602	133744001		10|12|20|21|22|50|51	1	3		3	350						0
501	602	133743001		10|12|20|21|22|50|51	1	3		3	350						0
502	602	133742001		10|12|20|21|22|50|51	1	3		3	350						0
503	602	133740002		10|12|20|21|22|50|51	1	3		3	350						0
504	602	133741001		10|12|20|21|22|50|51	1	3		3	350						0
505	602	133770003		10|12	1	40		40	350					1	0
506	602	133771003		10|12	1	40		40	350					1	0
507	602	133772003		10|12	1	40		40	350					1	0
508	602	133773003		10|12	1	40		40	350					1	0
509	602	133774003		10|12	1	40		40	350					1	0
510	602	133770004		22	1	40		40	350					1	0
511	602	133771004		22	1	40		40	350					1	0
512	602	133772004		22	1	40		40	350					1	0
513	602	133773004		22	1	40		40	350					1	0
514	602	133774004		22	1	40		40	350					1	0
515	602	133750001		20|21|50|51	1	40		40	350					1	0
516	602	133751003		20|21|50|51	1	40		40	350					1	0
517	602	133752001		20|21|50|51	1	40		40	350					1	0
518	602	133753001		20|21|50|51	1	40		40	350					1	0
519	602	133754001		20|21|50|51	1	40		40	350					1	0
520	602	133744001		30|33	1	40		40	350					1	0
521	602	133743001		30|33	1	40		40	350					1	0
522	602	133742001		30|33	1	40		40	350					1	0
523	602	133740002		30|33	1	40		40	350					1	0
524	602	133741001		30|33	1	40		40	350					1	0
525	602	153490006		10|12|20|21|22|30|33|50|51	1	2		2	100						1
526	602	152490003		10|12|20|21|22|30|33|50|51	1	2		2	100						1
527	602	153491002		10|12|20|21|22|30|33|50|51	1	2		2	100						1
528	602	153491001		10|12|20|21|22|30|33|50|51	1	2		2	100						1
529	602	153492002		10|12|20|21|22|30|33|50|51	1	1		1	100						1
531	602	152191001		10|12|20|21|22|30|33|50|51	1	2		2	100						1
532	602	152492003		10|12|20|21|22|30|33|50|51	1	1						50	100	1	1
533	602	153492005		10|12|20|21|22|30|33|50|51	1	2		2	100						1
534	602	153492001		10|12|20|21|22|30|33|50|51	1	1						50	100	1	1
535	602	153492001		10|12|20|21|22|30|33|50|51	1	0						200	500	1	1
536	602	153440001		10|12|20|21|22|30|33|50|51	1	2		2	100						1
537	602	153442002		10|12|20|21|22|30|33|50|51	1	2		2	100						1
538	602	153441001		10|12|20|21|22|30|33|50|51	1	2		2	100						1
539	602	153410001		10|12|20|21|22|30|33|50|51	1	1						30	30	1	1
540	602	153411001		10|12|20|21|22|30|33|50|51	1	1						30	30	1	1
541	602	153415001		10|12|20|21|22|30|33|50|51	1	1						30	30	1	1
542	602	153417001		10|12|20|21|22|30|33|50|51	1	1						30	30	1	1
543	602	153420001		10|12|20|21|22|30|33|50|51	1	1						30	30	1	1
544	602	153421001		10|12|20|21|22|30|33|50|51	1	1						30	30	1	1
545	602	800000035		10|12|20|21|22|30|33|50|51	1	150		150	12						
546	602	800000084		10|12|20|21|22|30|33|50|51	1	50		50	40						
547	602	800000085		10|12|20|21|22|30|33|50|51	1	15		15	100			30			1
548	602	600000006		10|12|20|21|22|30|33|50|51	1	200									
549	602	600000006		10|12|20|21|22|30|33|50|51	2	100									
550	602	600000006		10|12|20|21|22|30|33|50|51	3	50									
551	602	200001001		10|12|20|21|22|30|33|50|51	3	200									
552	602	200001001		10|12|20|21|22|30|33|50|51	5	100									
553	602	200005001		10|12|20|21|22|30|33|50|51	3	100									
554	602	200006001		10|12|20|21|22|30|33|50|51	3	100									
555	602	200004001		10|12|20|21|22|30|33|50|51	3	100									
556	602	200003001		10|12|20|21|22|30|33|50|51	3	100									
557	602	200110002		10|12|20|21|22|30|33|50|51	3	200									
558	602	200110002		10|12|20|21|22|30|33|50|51	5	100									
559	602	200000006		10|12|20|21|22|30|33|50|51	1	100									
560	603	134770001		20|21|22|30|33|50|51	1	2		2	400						0
561	603	134771001		20|21|22|30|33|50|51	1	2		2	400						0
562	603	134772001		20|21|22|30|33|50|51	1	2		2	400						0
563	603	134773001		20|21|22|30|33|50|51	1	2		2	400						0
564	603	134774001		20|21|22|30|33|50|51	1	2		2	400						0
565	603	134770005		10|12|20|21|30|33|50|51	1	2		2	400						0
566	603	134771005		10|12|20|21|30|33|50|51	1	2		2	400						0
567	603	134772005		10|12|20|21|30|33|50|51	1	2		2	400						0
568	603	134773005		10|12|20|21|30|33|50|51	1	2		2	400						0
569	603	134774005		10|12|20|21|30|33|50|51	1	2		2	400						0
570	603	134750001		10|12|22|30|33	1	2		2	400						0
571	603	134751001		10|12|22|30|33	1	2		2	400						0
572	603	134752001		10|12|22|30|33	1	2		2	400						0
573	603	134753002		10|12|22|30|33	1	2		2	400						0
574	603	134754002		10|12|22|30|33	1	2		2	400						0
575	603	134740004		10|12|20|21|22|50|51	1	2		2	400						0
576	603	134741001		10|12|20|21|22|50|51	1	2		2	400						0
577	603	134742003		10|12|20|21|22|50|51	1	2		2	400						0
578	603	134743001		10|12|20|21|22|50|51	1	2		2	400						0
579	603	134744001		10|12|20|21|22|50|51	1	2		2	400						0
580	603	134770001		10|12	1	32		32	400					1	0
581	603	134771001		10|12	1	32		32	400					1	0
582	603	134772001		10|12	1	32		32	400					1	0
583	603	134773001		10|12	1	32		32	400					1	0
584	603	134774001		10|12	1	32		32	400					1	0
585	603	134770005		22	1	32		32	400					1	0
586	603	134771005		22	1	32		32	400					1	0
587	603	134772005		22	1	32		32	400					1	0
588	603	134773005		22	1	32		32	400					1	0
589	603	134774005		22	1	32		32	400					1	0
590	603	134750001		20|21|50|51	1	32		32	400					1	0
591	603	134751001		20|21|50|51	1	32		32	400					1	0
592	603	134752001		20|21|50|51	1	32		32	400					1	0
593	603	134753002		20|21|50|51	1	32		32	400					1	0
594	603	134754002		20|21|50|51	1	32		32	400					1	0
595	603	134740004		30|33	1	32		32	400					1	0
596	603	134741001		30|33	1	32		32	400					1	0
597	603	134742003		30|33	1	32		32	400					1	0
598	603	134743001		30|33	1	32		32	400					1	0
599	603	134744001		30|33	1	32		32	400					1	0
600	603	154440001		10|12|20|21|22|30|33|50|51	1	1		1	100						1
601	603	154442001		10|12|20|21|22|30|33|50|51	1	1		1	100						1
602	603	154441002		10|12|20|21|22|30|33|50|51	1	1		1	100						1
603	603	154471001		10|12|20|21|22|30|33|50|51	1	1		1	100						1
604	603	154471003		10|12|20|21|22|30|33|50|51	1	1		1	100						1
605	603	154451001		10|12|20|21|22|30|33|50|51	1	2		2	100						1
606	603	154490001		10|12|20|21|22|30|33|50|51	1	1		1	100						1
607	603	154490003		10|12|20|21|22|30|33|50|51	1	1		1	100						1
608	603	154490002		10|12|20|21|22|30|33|50|51	1	1		1	100						1
609	603	154492002		10|12|20|21|22|30|33|50|51	1	2		2	100						1
610	603	154492003		10|12|20|21|22|30|33|50|51	1	2		2	100						1
611	603	154492001		10|12|20|21|22|30|33|50|51	1	2		2	100						1
612	603	154491002		10|12|20|21|22|30|33|50|51	1	2		2	100						1
613	603	154491001		10|12|20|21|22|30|33|50|51	1	1						45	100	1	1
614	603	154490004		10|12|20|21|22|30|33|50|51	1	1						45	100	1	1
615	603	154492004		10|12|20|21|22|30|33|50|51	1	1						200	500	1	1
616	603	154492004		10|12|20|21|22|30|33|50|51	1	0						500	2000	1	1
617	603	154410002		10|12|20|21|22|30|33|50|51	1	1						50	100	1	1
618	603	154411001		10|12|20|21|22|30|33|50|51	1	1						50	100	1	1
619	603	154415002		10|12|20|21|22|30|33|50|51	1	1						50	100	1	1
620	603	154417001		10|12|20|21|22|30|33|50|51	1	1						50	100	1	1
621	603	154420002		10|12|20|21|22|30|33|50|51	1	1						50	100	1	1
622	603	154421002		10|12|20|21|22|30|33|50|51	1	1						50	100	1	1
623	603	800000035		10|12|20|21|22|30|33|50|51	1	150		150	12						
624	603	800000084		10|12|20|21|22|30|33|50|51	1	50		50	40						
625	603	800000085		10|12|20|21|22|30|33|50|51	1	15		15	100			30			1
626	603	600000006		10|12|20|21|22|30|33|50|51	2	200									
627	603	600000006		10|12|20|21|22|30|33|50|51	3	100									
628	603	600000006		10|12|20|21|22|30|33|50|51	5	50									
629	603	200001001		10|12|20|21|22|30|33|50|51	5	200									
630	603	200001001		10|12|20|21|22|30|33|50|51	10	100									
631	603	200005001		10|12|20|21|22|30|33|50|51	5	100									
632	603	200006001		10|12|20|21|22|30|33|50|51	5	100									
633	603	200004001		10|12|20|21|22|30|33|50|51	5	100									
634	603	200003001		10|12|20|21|22|30|33|50|51	5	100									
635	603	200110002		10|12|20|21|22|30|33|50|51	5	200									
636	603	200110002		10|12|20|21|22|30|33|50|51	10	100									
637	603	200000006		10|12|20|21|22|30|33|50|51	1	100									
638	604	135470003		20|21|22|30|33|50|51	1	25		25	500						0
639	604	135471003		20|21|22|30|33|50|51	1	25		25	500						0
640	604	135472003		20|21|22|30|33|50|51	1	25		25	500						0
641	604	135473004		20|21|22|30|33|50|51	1	25		25	500						0
642	604	135474003		20|21|22|30|33|50|51	1	25		25	500						0
643	604	135470005		10|12|20|21|30|33|50|51	1	25		25	500						0
644	604	135471005		10|12|20|21|30|33|50|51	1	25		25	500						0
645	604	135472005		10|12|20|21|30|33|50|51	1	25		25	500						0
646	604	135473005		10|12|20|21|30|33|50|51	1	25		25	500						0
647	604	135474005		10|12|20|21|30|33|50|51	1	25		25	500						0
648	604	135450002		10|12|22|30|33	1	25		25	500						0
649	604	135451002		10|12|22|30|33	1	25		25	500						0
650	604	135452002		10|12|22|30|33	1	25		25	500						0
651	604	135453002		10|12|22|30|33	1	25		25	500						0
652	604	135454002		10|12|22|30|33	1	25		25	500						0
653	604	135440003		10|12|20|21|22|50|51	1	25		25	500						0
654	604	135441004		10|12|20|21|22|50|51	1	25		25	500						0
655	604	135442004		10|12|20|21|22|50|51	1	25		25	500						0
656	604	135443004		10|12|20|21|22|50|51	1	25		25	500						0
657	604	135444004		10|12|20|21|22|50|51	1	25		25	500						0
658	604	135470003		10|12	1	400		400	500					1	0
659	604	135471003		10|12	1	400		400	500					1	0
660	604	135472003		10|12	1	400		400	500					1	0
661	604	135473004		10|12	1	400		400	500					1	0
662	604	135474003		10|12	1	400		400	500					1	0
663	604	135470005		22	1	400		400	500					1	0
664	604	135471005		22	1	400		400	500					1	0
665	604	135472005		22	1	400		400	500					1	0
666	604	135473005		22	1	400		400	500					1	0
667	604	135474005		22	1	400		400	500					1	0
668	604	135450002		20|21|50|51	1	400		400	500					1	0
669	604	135451002		20|21|50|51	1	400		400	500					1	0
670	604	135452002		20|21|50|51	1	400		400	500					1	0
671	604	135453002		20|21|50|51	1	400		400	500					1	0
672	604	135454002		20|21|50|51	1	400		400	500					1	0
673	604	135440003		30|33	1	400		400	500					1	0
674	604	135441004		30|33	1	400		400	500					1	0
675	604	135442004		30|33	1	400		400	500					1	0
676	604	135443004		30|33	1	400		400	500					1	0
677	604	135444004		30|33	1	400		400	500					1	0
678	604	155470001		10|12|20|21|22|30|33|50|51	1	15		15	500			30	100		1
679	604	155471001		10|12|20|21|22|30|33|50|51	1	15		15	500			30	100		1
680	604	155472001		10|12|20|21|22|30|33|50|51	1	15		15	500			30	100		1
681	604	155473001		10|12|20|21|22|30|33|50|51	1	15		15	500			30	100		1
682	604	155474002		10|12|20|21|22|30|33|50|51	1	15		15	500			30	100		1
683	604	155470003		10|12|20|21|22|30|33|50|51	1	15		15	500			30	100		1
684	604	155471004		10|12|20|21|22|30|33|50|51	1	15		15	500			30	100		1
685	604	155472003		10|12|20|21|22|30|33|50|51	1	15		15	500			30	100		1
686	604	155473003		10|12|20|21|22|30|33|50|51	1	15		15	500			30	100		1
687	604	155474003		10|12|20|21|22|30|33|50|51	1	15		15	500			30	100		1
688	604	155450001		10|12|20|21|22|30|33|50|51	1	15		15	500			30	100		1
689	604	155451001		10|12|20|21|22|30|33|50|51	1	15		15	500			30	100		1
690	604	155452001		10|12|20|21|22|30|33|50|51	1	15		15	500			30	100		1
691	604	155453001		10|12|20|21|22|30|33|50|51	1	15		15	500			30	100		1
692	604	155454001		10|12|20|21|22|30|33|50|51	1	15		15	500			30	100		1
693	604	155440001		10|12|20|21|22|30|33|50|51	1	15		15	500			30	100		1
694	604	155441001		10|12|20|21|22|30|33|50|51	1	15		15	500			30	100		1
695	604	155442001		10|12|20|21|22|30|33|50|51	1	15		15	500			30	100		1
696	604	155443001		10|12|20|21|22|30|33|50|51	1	15		15	500			30	100		1
697	604	155444001		10|12|20|21|22|30|33|50|51	1	15		15	500			30	100		1
698	604	155291002		10|12|20|21|22|30|33|50|51	1	15		15	500			30	100		1
699	604	155290002		10|12|20|21|22|30|33|50|51	1	20						100	500	1	1
700	604	155410006		10|12|20|21|22|30|33|50|51	1	20						100	500	1	1
701	604	155411002		10|12|20|21|22|30|33|50|51	1	20						200	1000	1	1
702	604	155415002		10|12|20|21|22|30|33|50|51	1	20						100	500	1	1
703	604	155417004		10|12|20|21|22|30|33|50|51	1	20						100	500	1	1
704	604	155420002		10|12|20|21|22|30|33|50|51	1	20						100	500	1	1
705	604	155421002		10|12|20|21|22|30|33|50|51	1	20						100	500	1	1
706	604	155411002		10|12	1	0						500	2000	1	1
707	604	155415002		20|21|50|51	1	0						500	2000	1	1
708	604	155417004		22	1	0						500	2000	1	1
709	604	155421002		30|33	1	0						500	2000	1	1
710	604	200000004		10|12|20|21|22|30|33|50|51	30	1500									
711	604	200000004		10|12|20|21|22|30|33|50|51	25	2000									
712	604	200000004		10|12|20|21|22|30|33|50|51	20	2000									
713	604	200001001		10|12|20|21|22|30|33|50|51	5	3000									
714	604	200001001		10|12|20|21|22|30|33|50|51	10	500									
715	604	600000006		10|12|20|21|22|30|33|50|51	3	2000									
716	604	600000006		10|12|20|21|22|30|33|50|51	5	500									
717	604	200005001		10|12|20|21|22|30|33|50|51	5	2000									
718	604	200006001		10|12|20|21|22|30|33|50|51	5	2000									
719	604	200004001		10|12|20|21|22|30|33|50|51	5	2000									
720	604	200003001		10|12|20|21|22|30|33|50|51	5	2000									
721	604	800000035		10|12|20|21|22|30|33|50|51	1	1500		1500	10						
722	604	800000084		10|12|20|21|22|30|33|50|51	1	1000		1000	30						
723	604	800000085		10|12|20|21|22|30|33|50|51	1	150		150	100			30			1
724	604	600000007		10|12|20|21|22|30|33|50|51	10000	2000									
725	604	600000007		10|12|20|21|22|30|33|50|51	20000	1000									
726	604	600000007		10|12|20|21|22|30|33|50|51	30000	500									
727	604	600000007		10|12|20|21|22|30|33|50|51	100000	50									
728	604	200110002		10|12|20|21|22|30|33|50|51	3	2000									
729	604	200110002		10|12|20|21|22|30|33|50|51	5	500									
730	604	200110001		10|12|20|21|22|30|33|50|51	1	1000									
731	604	200000006		10|12|20|21|22|30|33|50|51	1	1000									
732	501	800000035		10|12|20|21|22|30|33|50|51	1	150									
733	501	800000084		10|12|20|21|22|30|33|50|51	1	50									
734	501	800000085		10|12|20|21|22|30|33|50|51	1	15									1
735	501	600000006		10|12|20|21|22|30|33|50|51	1	200									
736	501	600000006		10|12|20|21|22|30|33|50|51	2	150									
737	501	600000006		10|12|20|21|22|30|33|50|51	3	100									
738	501	200001001		10|12|20|21|22|30|33|50|51	3	200									
739	501	200001001		10|12|20|21|22|30|33|50|51	5	150									
740	501	200005001		10|12|20|21|22|30|33|50|51	3	100									
741	501	200006001		10|12|20|21|22|30|33|50|51	3	100									
742	501	200004001		10|12|20|21|22|30|33|50|51	3	100									
743	501	200003001		10|12|20|21|22|30|33|50|51	3	100									
744	501	200110002		10|12|20|21|22|30|33|50|51	2	200									
745	501	200110002		10|12|20|21|22|30|33|50|51	3	100									
746	501	200000006		10|12|20|21|22|30|33|50|51	1	100									
747	5001	531003001		10|12	1	6									1
748	5001	531003002		10|12	1	6									1
749	5001	531003004		10|12	1	8									1
750	5001	531003003		10|12	1	10									1
751	5001	531003005		10|12	1	10									1
752	5001	531002001		10|12	1	6									1
753	5001	531002002		10|12	1	6									1
754	5001	531002004		10|12	1	8									1
755	5001	531002003		10|12	1	10									1
756	5001	531002005		10|12	1	10									1
757	5001	531003012		10|12	1	6									1
758	5001	531003013		10|12	1	6									1
759	5001	531003015		10|12	1	8									1
760	5001	531003014		10|12	1	10									1
761	5001	531003016		10|12	1	10									1
762	5001	531003027		10|12	1	6									1
763	5001	531003028		10|12	1	6									1
764	5001	531003030		10|12	1	8									1
765	5001	531003029		10|12	1	10									1
766	5001	531003031		10|12	1	10									1
767	5001	531003017		10|12	1	6									1
768	5001	531003018		10|12	1	6									1
769	5001	531003020		10|12	1	8									1
770	5001	531003019		10|12	1	10									1
771	5001	531003021		10|12	1	10									1
772	5001	531003022		10|12	1	1	1								1
773	5001	531003023		10|12	1	1	1								1
774	5001	531003025		10|12	1	1	2								1
775	5001	531003024		10|12	1	1	3								1
776	5001	531003026		10|12	1	1	3								1
777	5001	531003037		10|12	1	6									1
778	5001	531003038		10|12	1	6									1
779	5001	531003039		10|12	1	8									1
780	5001	531003040		10|12	1	10									1
781	5001	531003041		10|12	1	10									1
782	5001	531003042		10|12	1	6									1
783	5001	531003043		10|12	1	6									1
784	5001	531003044		10|12	1	8									1
785	5001	531003045		10|12	1	10									1
786	5001	531003046		10|12	1	10									1
787	5001	532003001		20|21|22	1	6									1
788	5001	532003002		20|21|22	1	6									1
789	5001	532003004		20|21|22	1	8									1
790	5001	532003003		20|21|22	1	10									1
791	5001	532003005		20|21|22	1	10									1
792	5001	532002001		20|21|22	1	6									1
793	5001	532002002		20|21|22	1	6									1
794	5001	532002004		20|21|22	1	8									1
795	5001	532002003		20|21|22	1	10									1
796	5001	532002005		20|21|22	1	10									1
797	5001	532003012		20|21|22	1	6									1
798	5001	532003013		20|21|22	1	6									1
799	5001	532003015		20|21|22	1	8									1
800	5001	532003014		20|21|22	1	10									1
801	5001	532003016		20|21|22	1	10									1
802	5001	532003027		20|21|22	1	6									1
803	5001	532003028		20|21|22	1	6									1
804	5001	532003030		20|21|22	1	8									1
805	5001	532003029		20|21|22	1	10									1
806	5001	532003031		20|21|22	1	10									1
807	5001	532003017		20|21|22	1	6									1
808	5001	532003018		20|21|22	1	6									1
809	5001	532003020		20|21|22	1	8									1
810	5001	532003019		20|21|22	1	10									1
811	5001	532003021		20|21|22	1	10									1
812	5001	532003022		20|21|22	1	1	1								1
813	5001	532003023		20|21|22	1	1	1								1
814	5001	532003025		20|21|22	1	1	2								1
815	5001	532003024		20|21|22	1	1	3								1
816	5001	532003026		20|21|22	1	1	3								1
817	5001	532003037		20|21|22	1	6									1
818	5001	532003038		20|21|22	1	6									1
819	5001	532003039		20|21|22	1	8									1
820	5001	532003040		20|21|22	1	10									1
821	5001	532003041		20|21|22	1	10									1
822	5001	532003042		20|21|22	1	6									1
823	5001	532003043		20|21|22	1	6									1
824	5001	532003044		20|21|22	1	8									1
825	5001	532003045		20|21|22	1	10									1
826	5001	532003046		20|21|22	1	10									1
827	5001	533002001		30|33	1	6									1
828	5001	533002002		30|33	1	6									1
829	5001	533002004		30|33	1	8									1
830	5001	533002003		30|33	1	10									1
831	5001	533002005		30|33	1	10									1
832	5001	533003012		30|33	1	6									1
833	5001	533003013		30|33	1	6									1
834	5001	533003015		30|33	1	8									1
835	5001	533003014		30|33	1	10									1
836	5001	533003016		30|33	1	10									1
837	5001	533003027		30|33	1	6									1
838	5001	533003028		30|33	1	6									1
839	5001	533003030		30|33	1	8									1
840	5001	533003029		30|33	1	10									1
841	5001	533003031		30|33	1	10									1
842	5001	533003017		30|33	1	6									1
843	5001	533003018		30|33	1	6									1
844	5001	533003020		30|33	1	8									1
845	5001	533003019		30|33	1	10									1
846	5001	533003021		30|33	1	10									1
847	5001	533003022		30|33	1	1	1								1
848	5001	533003023		30|33	1	1	1								1
849	5001	533003025		30|33	1	1	2								1
850	5001	533003024		30|33	1	1	3								1
851	5001	533003026		30|33	1	1	3								1
852	5001	533003037		30|33	1	6									1
853	5001	533003038		30|33	1	6									1
854	5001	533003039		30|33	1	8									1
855	5001	533003040		30|33	1	10									1
856	5001	533003041		30|33	1	10									1
857	5001	533003042		30|33	1	6									1
858	5001	533003043		30|33	1	6									1
859	5001	533003044		30|33	1	8									1
860	5001	533003045		30|33	1	10									1
861	5001	533003046		30|33	1	10									1
862	5001	535003001		50|51	1	6									1
863	5001	535003002		50|51	1	6									1
864	5001	535003004		50|51	1	8									1
865	5001	535003003		50|51	1	10									1
866	5001	535003005		50|51	1	10									1
867	5001	535002001		50|51	1	6									1
868	5001	535002002		50|51	1	6									1
869	5001	535002004		50|51	1	8									1
870	5001	535002003		50|51	1	10									1
871	5001	535002005		50|51	1	10									1
872	5001	535003012		50|51	1	6									1
873	5001	535003013		50|51	1	6									1
874	5001	535003015		50|51	1	8									1
875	5001	535003014		50|51	1	10									1
876	5001	535003016		50|51	1	10									1
877	5001	535003027		50|51	1	6									1
878	5001	535003028		50|51	1	6									1
879	5001	535003030		50|51	1	8									1
880	5001	535003029		50|51	1	10									1
881	5001	535003031		50|51	1	10									1
882	5001	535003017		50|51	1	6									1
883	5001	535003018		50|51	1	6									1
884	5001	535003020		50|51	1	8									1
885	5001	535003019		50|51	1	10									1
886	5001	535003021		50|51	1	10									1
887	5001	535003022		50|51	1	1	1								1
888	5001	535003023		50|51	1	1	1								1
889	5001	535003025		50|51	1	1	2								1
890	5001	535003024		50|51	1	1	3								1
891	5001	535003026		50|51	1	1	3								1
892	5001	535003037		50|51	1	6									1
893	5001	535003038		50|51	1	6									1
894	5001	535003039		50|51	1	8									1
895	5001	535003040		50|51	1	10									1
896	5001	535003041		50|51	1	10									1
897	5001	535003042		50|51	1	6									1
898	5001	535003043		50|51	1	6									1
899	5001	535003044		50|51	1	8									1
900	5001	535003045		50|51	1	10									1
901	5001	535003046		50|51	1	10									1
902	8001	122010001	5_16|6_16|7_16|8_16|9_16|10_15|11_4|12_1	10|12|20|21|22|30|33|50|51	1	228									
903	8001	122510001	5_16|6_16|7_16|8_16|9_16|10_15|11_4|12_1	10|12|20|21|22|30|33|50|51	1	228									
904	8001	123010001	5_16|6_16|7_16|8_16|9_16|10_15|11_4|12_1	10|12|20|21|22|30|33|50|51	1	228									
905	8001	123510001	5_16|6_16|7_16|8_16|9_16|10_15|11_4|12_1	10|12|20|21|22|30|33|50|51	1	228									
906	8001	124010001	5_16|6_16|7_16|8_16|9_16|10_15|11_4|12_1	10|12|20|21|22|30|33|50|51	1	228									
907	8001	122011001	5_16|6_16|7_16|8_16|9_16|10_15|11_4|12_1	10|12|20|21|22|30|33|50|51	1	228									
908	8001	122511001	5_16|6_16|7_16|8_16|9_16|10_15|11_4|12_1	10|12|20|21|22|30|33|50|51	1	228									
909	8001	123011001	5_16|6_16|7_16|8_16|9_16|10_15|11_4|12_1	10|12|20|21|22|30|33|50|51	1	228									
910	8001	123511001	5_16|6_16|7_16|8_16|9_16|10_15|11_4|12_1	10|12|20|21|22|30|33|50|51	1	228									
911	8001	124011001	5_16|6_16|7_16|8_16|9_16|10_15|11_4|12_1	10|12|20|21|22|30|33|50|51	1	228									
912	8001	122015001	5_16|6_16|7_16|8_16|9_16|10_15|11_4|12_1	10|12|20|21|22|30|33|50|51	1	228									
913	8001	122515001	5_16|6_16|7_16|8_16|9_16|10_15|11_4|12_1	10|12|20|21|22|30|33|50|51	1	228									
914	8001	123015001	5_16|6_16|7_16|8_16|9_16|10_15|11_4|12_1	10|12|20|21|22|30|33|50|51	1	228									
915	8001	123515001	5_16|6_16|7_16|8_16|9_16|10_15|11_4|12_1	10|12|20|21|22|30|33|50|51	1	228									
916	8001	124015001	5_16|6_16|7_16|8_16|9_16|10_15|11_4|12_1	10|12|20|21|22|30|33|50|51	1	228									
917	8001	122017001	5_16|6_16|7_16|8_16|9_16|10_15|11_4|12_1	10|12|20|21|22|30|33|50|51	1	228									
918	8001	122517001	5_16|6_16|7_16|8_16|9_16|10_15|11_4|12_1	10|12|20|21|22|30|33|50|51	1	228									
919	8001	123017001	5_16|6_16|7_16|8_16|9_16|10_15|11_4|12_1	10|12|20|21|22|30|33|50|51	1	228									
920	8001	123517001	5_16|6_16|7_16|8_16|9_16|10_15|11_4|12_1	10|12|20|21|22|30|33|50|51	1	228									
921	8001	124017001	5_16|6_16|7_16|8_16|9_16|10_15|11_4|12_1	10|12|20|21|22|30|33|50|51	1	228									
922	8001	122020001	5_16|6_16|7_16|8_16|9_16|10_15|11_4|12_1	10|12|20|21|22|30|33|50|51	1	228									
923	8001	122520001	5_16|6_16|7_16|8_16|9_16|10_15|11_4|12_1	10|12|20|21|22|30|33|50|51	1	228									
924	8001	123020001	5_16|6_16|7_16|8_16|9_16|10_15|11_4|12_1	10|12|20|21|22|30|33|50|51	1	228									
925	8001	123520001	5_16|6_16|7_16|8_16|9_16|10_15|11_4|12_1	10|12|20|21|22|30|33|50|51	1	228									
926	8001	124020001	5_16|6_16|7_16|8_16|9_16|10_15|11_4|12_1	10|12|20|21|22|30|33|50|51	1	228									
927	8001	122021001	5_16|6_16|7_16|8_16|9_16|10_15|11_4|12_1	10|12|20|21|22|30|33|50|51	1	228									
928	8001	122521001	5_16|6_16|7_16|8_16|9_16|10_15|11_4|12_1	10|12|20|21|22|30|33|50|51	1	228									
929	8001	123021001	5_16|6_16|7_16|8_16|9_16|10_15|11_4|12_1	10|12|20|21|22|30|33|50|51	1	228									
930	8001	123521001	5_16|6_16|7_16|8_16|9_16|10_15|11_4|12_1	10|12|20|21|22|30|33|50|51	1	228									
931	8001	124021001	5_16|6_16|7_16|8_16|9_16|10_15|11_4|12_1	10|12|20|21|22|30|33|50|51	1	228									
932	8001	132710001	5_17|6_17|7_18|8_18|9_17|10_10|11_3	10|12|20|21|22|30|33|50|51	1	11									
933	8001	132710002	5_17|6_17|7_18|8_18|9_17|10_10|11_3	10|12|20|21|22|30|33|50|51	1	11									
934	8001	133210001	5_17|6_17|7_18|8_18|9_17|10_10|11_3	10|12|20|21|22|30|33|50|51	1	11									
935	8001	133710001	5_17|6_17|7_18|8_18|9_17|10_10|11_3	10|12|20|21|22|30|33|50|51	1	11									
936	8001	133710002	5_17|6_17|7_18|8_18|9_17|10_10|11_3	10|12|20|21|22|30|33|50|51	1	11									
937	8001	133710003	5_17|6_17|7_18|8_18|9_17|10_10|11_3	10|12|20|21|22|30|33|50|51	1	11									
938	8001	134010001	5_17|6_17|7_18|8_18|9_17|10_10|11_3	10|12|20|21|22|30|33|50|51	1	11									
939	8001	134210004	5_17|6_17|7_18|8_18|9_17|10_10|11_3	10|12|20|21|22|30|33|50|51	1	11									
940	8001	134210005	5_17|6_17|7_18|8_18|9_17|10_10|11_3	10|12|20|21|22|30|33|50|51	1	11									
941	8001	134410001	5_17|6_17|7_18|8_18|9_17|10_10|11_3	10|12|20|21|22|30|33|50|51	1	11									
942	8001	134710001	5_17|6_17|7_18|8_18|9_17|10_10|11_3	10|12|20|21|22|30|33|50|51	1	11									
943	8001	134710002	5_17|6_17|7_18|8_18|9_17|10_10|11_3	10|12|20|21|22|30|33|50|51	1	11									
944	8001	135410003	5_17|6_17|7_18|8_18|9_17|10_10|11_3	10|12|20|21|22|30|33|50|51	1	1									
945	8001	135410004	5_17|6_17|7_18|8_18|9_17|10_10|11_3	10|12|20|21|22|30|33|50|51	1	1									
946	8001	132711001	5_17|6_17|7_18|8_18|9_17|10_10|11_3	10|12|20|21|22|30|33|50|51	1	11									
947	8001	133211001	5_17|6_17|7_18|8_18|9_17|10_10|11_3	10|12|20|21|22|30|33|50|51	1	11									
948	8001	133711001	5_17|6_17|7_18|8_18|9_17|10_10|11_3	10|12|20|21|22|30|33|50|51	1	11									
949	8001	134011001	5_17|6_17|7_18|8_18|9_17|10_10|11_3	10|12|20|21|22|30|33|50|51	1	11									
950	8001	134411001	5_17|6_17|7_18|8_18|9_17|10_10|11_3	10|12|20|21|22|30|33|50|51	1	11									
951	8001	134711001	5_17|6_17|7_18|8_18|9_17|10_10|11_3	10|12|20|21|22|30|33|50|51	1	11									
952	8001	134711002	5_17|6_17|7_18|8_18|9_17|10_10|11_3	10|12|20|21|22|30|33|50|51	1	11									
953	8001	135411001	5_17|6_17|7_18|8_18|9_17|10_10|11_3	10|12|20|21|22|30|33|50|51	1	1									
954	8001	132515001	5_17|6_17|7_18|8_18|9_17|10_10|11_3	10|12|20|21|22|30|33|50|51	1	11									
955	8001	132715001	5_17|6_17|7_18|8_18|9_17|10_10|11_3	10|12|20|21|22|30|33|50|51	1	11									
956	8001	133215001	5_17|6_17|7_18|8_18|9_17|10_10|11_3	10|12|20|21|22|30|33|50|51	1	11									
957	8001	133515001	5_17|6_17|7_18|8_18|9_17|10_10|11_3	10|12|20|21|22|30|33|50|51	1	11									
958	8001	133715001	5_17|6_17|7_18|8_18|9_17|10_10|11_3	10|12|20|21|22|30|33|50|51	1	11									
959	8001	133715002	5_17|6_17|7_18|8_18|9_17|10_10|11_3	10|12|20|21|22|30|33|50|51	1	11									
960	8001	134015001	5_17|6_17|7_18|8_18|9_17|10_10|11_3	10|12|20|21|22|30|33|50|51	1	11									
961	8001	134215001	5_17|6_17|7_18|8_18|9_17|10_10|11_3	10|12|20|21|22|30|33|50|51	1	11									
962	8001	134415001	5_17|6_17|7_18|8_18|9_17|10_10|11_3	10|12|20|21|22|30|33|50|51	1	11									
963	8001	134715001	5_17|6_17|7_18|8_18|9_17|10_10|11_3	10|12|20|21|22|30|33|50|51	1	11									
964	8001	134715002	5_17|6_17|7_18|8_18|9_17|10_10|11_3	10|12|20|21|22|30|33|50|51	1	11									
965	8001	135415001	5_17|6_17|7_18|8_18|9_17|10_10|11_3	10|12|20|21|22|30|33|50|51	1	1									
966	8001	135415002	5_17|6_17|7_18|8_18|9_17|10_10|11_3	10|12|20|21|22|30|33|50|51	1	1									
967	8001	132517001	5_17|6_17|7_18|8_18|9_17|10_10|11_3	10|12|20|21|22|30|33|50|51	1	11									
968	8001	132717001	5_17|6_17|7_18|8_18|9_17|10_10|11_3	10|12|20|21|22|30|33|50|51	1	12									
969	8001	133217001	5_17|6_17|7_18|8_18|9_17|10_10|11_3	10|12|20|21|22|30|33|50|51	1	12									
970	8001	133517001	5_17|6_17|7_18|8_18|9_17|10_10|11_3	10|12|20|21|22|30|33|50|51	1	12									
971	8001	133717001	5_17|6_17|7_18|8_18|9_17|10_10|11_3	10|12|20|21|22|30|33|50|51	1	12									
972	8001	133717002	5_17|6_17|7_18|8_18|9_17|10_10|11_3	10|12|20|21|22|30|33|50|51	1	12									
973	8001	134017001	5_17|6_17|7_18|8_18|9_17|10_10|11_3	10|12|20|21|22|30|33|50|51	1	12									
974	8001	134217001	5_17|6_17|7_18|8_18|9_17|10_10|11_3	10|12|20|21|22|30|33|50|51	1	12									
975	8001	134417001	5_17|6_17|7_18|8_18|9_17|10_10|11_3	10|12|20|21|22|30|33|50|51	1	12									
976	8001	134717001	5_17|6_17|7_18|8_18|9_17|10_10|11_3	10|12|20|21|22|30|33|50|51	1	12									
977	8001	134717002	5_17|6_17|7_18|8_18|9_17|10_10|11_3	10|12|20|21|22|30|33|50|51	1	12									
978	8001	134717003	5_17|6_17|7_18|8_18|9_17|10_10|11_3	10|12|20|21|22|30|33|50|51	1	12									
979	8001	135417004	5_17|6_17|7_18|8_18|9_17|10_10|11_3	10|12|20|21|22|30|33|50|51	1	1									
980	8001	135417005	5_17|6_17|7_18|8_18|9_17|10_10|11_3	10|12|20|21|22|30|33|50|51	1	1									
981	8001	132720001	5_17|6_17|7_18|8_18|9_17|10_10|11_3	10|12|20|21|22|30|33|50|51	1	12									
982	8001	132720002	5_17|6_17|7_18|8_18|9_17|10_10|11_3	10|12|20|21|22|30|33|50|51	1	12									
983	8001	133220001	5_17|6_17|7_18|8_18|9_17|10_10|11_3	10|12|20|21|22|30|33|50|51	1	12									
984	8001	133720001	5_17|6_17|7_18|8_18|9_17|10_10|11_3	10|12|20|21|22|30|33|50|51	1	12									
985	8001	133720002	5_17|6_17|7_18|8_18|9_17|10_10|11_3	10|12|20|21|22|30|33|50|51	1	12									
986	8001	133720003	5_17|6_17|7_18|8_18|9_17|10_10|11_3	10|12|20|21|22|30|33|50|51	1	12									
987	8001	134020001	5_17|6_17|7_18|8_18|9_17|10_10|11_3	10|12|20|21|22|30|33|50|51	1	12									
988	8001	134220001	5_17|6_17|7_18|8_18|9_17|10_10|11_3	10|12|20|21|22|30|33|50|51	1	12									
989	8001	134220002	5_17|6_17|7_18|8_18|9_17|10_10|11_3	10|12|20|21|22|30|33|50|51	1	12									
990	8001	134720001	5_17|6_17|7_18|8_18|9_17|10_10|11_3	10|12|20|21|22|30|33|50|51	1	12									
991	8001	134720002	5_17|6_17|7_18|8_18|9_17|10_10|11_3	10|12|20|21|22|30|33|50|51	1	12									
992	8001	135420001	5_17|6_17|7_18|8_18|9_17|10_10|11_3	10|12|20|21|22|30|33|50|51	1	1									
993	8001	135420002	5_17|6_17|7_18|8_18|9_17|10_10|11_3	10|12|20|21|22|30|33|50|51	1	1									
994	8001	132721001	5_17|6_17|7_18|8_18|9_17|10_10|11_3	10|12|20|21|22|30|33|50|51	1	12									
995	8001	132721002	5_17|6_17|7_18|8_18|9_17|10_10|11_3	10|12|20|21|22|30|33|50|51	1	12									
996	8001	133221001	5_17|6_17|7_18|8_18|9_17|10_10|11_3	10|12|20|21|22|30|33|50|51	1	12									
997	8001	133221002	5_17|6_17|7_18|8_18|9_17|10_10|11_3	10|12|20|21|22|30|33|50|51	1	12									
998	8001	133721001	5_17|6_17|7_18|8_18|9_17|10_10|11_3	10|12|20|21|22|30|33|50|51	1	12									
999	8001	133721002	5_17|6_17|7_18|8_18|9_17|10_10|11_3	10|12|20|21|22|30|33|50|51	1	12									
1000	8001	134021001	5_17|6_17|7_18|8_18|9_17|10_10|11_3	10|12|20|21|22|30|33|50|51	1	12									
1001	8001	134221001	5_17|6_17|7_18|8_18|9_17|10_10|11_3	10|12|20|21|22|30|33|50|51	1	12									
1002	8001	134221002	5_17|6_17|7_18|8_18|9_17|10_10|11_3	10|12|20|21|22|30|33|50|51	1	12									
1003	8001	134421001	5_17|6_17|7_18|8_18|9_17|10_10|11_3	10|12|20|21|22|30|33|50|51	1	12									
1004	8001	134721001	5_17|6_17|7_18|8_18|9_17|10_10|11_3	10|12|20|21|22|30|33|50|51	1	12									
1005	8001	134721002	5_17|6_17|7_18|8_18|9_17|10_10|11_3	10|12|20|21|22|30|33|50|51	1	12									
1006	8001	135421001	5_17|6_17|7_18|8_18|9_17|10_10|11_3	10|12|20|21|22|30|33|50|51	1	1									
1007	8001	135421002	5_17|6_17|7_18|8_18|9_17|10_10|11_3	10|12|20|21|22|30|33|50|51	1	1									
1008	8001	200001001		10|12|20|21|22|30|33|50|51	5	1900									
1009	8001	200001001		10|12|20|21|22|30|33|50|51	10	950									
1010	8001	600000006		10|12|20|21|22|30|33|50|51	3	1900									
1011	8001	600000006		10|12|20|21|22|30|33|50|51	5	950									
1012	8001	600000007		10|12|20|21|22|30|33|50|51	10000	1900									
1013	8001	600000007		10|12|20|21|22|30|33|50|51	20000	950									
1014	8001	200110002		10|12|20|21|22|30|33|50|51	3	1900									
1015	8001	200110002		10|12|20|21|22|30|33|50|51	5	950									
1016	8002	122010001	5_16|6_16|7_16|8_16|9_16|10_15|11_4|12_1	10|12|20|21|22|30|33|50|51	1	570									
1017	8002	122510001	5_16|6_16|7_16|8_16|9_16|10_15|11_4|12_1	10|12|20|21|22|30|33|50|51	1	570									
1018	8002	122011001	5_16|6_16|7_16|8_16|9_16|10_15|11_4|12_1	10|12|20|21|22|30|33|50|51	1	570									
1019	8002	122511001	5_16|6_16|7_16|8_16|9_16|10_15|11_4|12_1	10|12|20|21|22|30|33|50|51	1	570									
1020	8002	122015001	5_16|6_16|7_16|8_16|9_16|10_15|11_4|12_1	10|12|20|21|22|30|33|50|51	1	570									
1021	8002	122515001	5_16|6_16|7_16|8_16|9_16|10_15|11_4|12_1	10|12|20|21|22|30|33|50|51	1	570									
1022	8002	122017001	5_16|6_16|7_16|8_16|9_16|10_15|11_4|12_1	10|12|20|21|22|30|33|50|51	1	570									
1023	8002	122517001	5_16|6_16|7_16|8_16|9_16|10_15|11_4|12_1	10|12|20|21|22|30|33|50|51	1	570									
1024	8002	122020001	5_16|6_16|7_16|8_16|9_16|10_15|11_4|12_1	10|12|20|21|22|30|33|50|51	1	570									
1025	8002	122520001	5_16|6_16|7_16|8_16|9_16|10_15|11_4|12_1	10|12|20|21|22|30|33|50|51	1	570									
1026	8002	122021001	5_16|6_16|7_16|8_16|9_16|10_15|11_4|12_1	10|12|20|21|22|30|33|50|51	1	570									
1027	8002	122521001	5_16|6_16|7_16|8_16|9_16|10_15|11_4|12_1	10|12|20|21|22|30|33|50|51	1	570									
1028	8002	132710001	5_17|6_17|7_18|8_18|9_17|10_10|11_3	10|12|20|21|22|30|33|50|51	1	69									
1029	8002	132710002	5_17|6_17|7_18|8_18|9_17|10_10|11_3	10|12|20|21|22|30|33|50|51	1	69									
1030	8002	132711001	5_17|6_17|7_18|8_18|9_17|10_10|11_3	10|12|20|21|22|30|33|50|51	1	69									
1031	8002	132515001	5_17|6_17|7_18|8_18|9_17|10_10|11_3	10|12|20|21|22|30|33|50|51	1	69									
1032	8002	132715001	5_17|6_17|7_18|8_18|9_17|10_10|11_3	10|12|20|21|22|30|33|50|51	1	69									
1033	8002	132517001	5_17|6_17|7_18|8_18|9_17|10_10|11_3	10|12|20|21|22|30|33|50|51	1	69									
1034	8002	132717001	5_17|6_17|7_18|8_18|9_17|10_10|11_3	10|12|20|21|22|30|33|50|51	1	69									
1035	8002	132720001	5_17|6_17|7_18|8_18|9_17|10_10|11_3	10|12|20|21|22|30|33|50|51	1	69									
1036	8002	132720002	5_17|6_17|7_18|8_18|9_17|10_10|11_3	10|12|20|21|22|30|33|50|51	1	69									
1037	8002	132721001	5_17|6_17|7_18|8_18|9_17|10_10|11_3	10|12|20|21|22|30|33|50|51	1	69									
1038	8002	132721002	5_17|6_17|7_18|8_18|9_17|10_10|11_3	10|12|20|21|22|30|33|50|51	1	70									
1039	8002	200001001		10|12|20|21|22|30|33|50|51	5	1900									
1040	8002	200001001		10|12|20|21|22|30|33|50|51	10	950									
1041	8002	600000006		10|12|20|21|22|30|33|50|51	3	1900									
1042	8002	600000006		10|12|20|21|22|30|33|50|51	5	950									
1043	8002	600000007		10|12|20|21|22|30|33|50|51	10000	1900									
1044	8002	600000007		10|12|20|21|22|30|33|50|51	20000	950									
1045	8002	200110002		10|12|20|21|22|30|33|50|51	3	1900									
1046	8002	200110002		10|12|20|21|22|30|33|50|51	5	950									
1047	8003	123010001	5_16|6_16|7_16|8_16|9_16|10_15|11_4|12_1	10|12|20|21|22|30|33|50|51	1	570									
1048	8003	123510001	5_16|6_16|7_16|8_16|9_16|10_15|11_4|12_1	10|12|20|21|22|30|33|50|51	1	570									
1049	8003	123011001	5_16|6_16|7_16|8_16|9_16|10_15|11_4|12_1	10|12|20|21|22|30|33|50|51	1	570									
1050	8003	123511001	5_16|6_16|7_16|8_16|9_16|10_15|11_4|12_1	10|12|20|21|22|30|33|50|51	1	570									
1051	8003	123015001	5_16|6_16|7_16|8_16|9_16|10_15|11_4|12_1	10|12|20|21|22|30|33|50|51	1	570									
1052	8003	123515001	5_16|6_16|7_16|8_16|9_16|10_15|11_4|12_1	10|12|20|21|22|30|33|50|51	1	570									
1053	8003	123017001	5_16|6_16|7_16|8_16|9_16|10_15|11_4|12_1	10|12|20|21|22|30|33|50|51	1	570									
1054	8003	123517001	5_16|6_16|7_16|8_16|9_16|10_15|11_4|12_1	10|12|20|21|22|30|33|50|51	1	570									
1055	8003	123020001	5_16|6_16|7_16|8_16|9_16|10_15|11_4|12_1	10|12|20|21|22|30|33|50|51	1	570									
1056	8003	123520001	5_16|6_16|7_16|8_16|9_16|10_15|11_4|12_1	10|12|20|21|22|30|33|50|51	1	570									
1057	8003	123021001	5_16|6_16|7_16|8_16|9_16|10_15|11_4|12_1	10|12|20|21|22|30|33|50|51	1	570									
1058	8003	123521001	5_16|6_16|7_16|8_16|9_16|10_15|11_4|12_1	10|12|20|21|22|30|33|50|51	1	570									
1059	8003	133210001	5_17|6_17|7_18|8_18|9_17|10_10|11_3	10|12|20|21|22|30|33|50|51	1	35									
1060	8003	133710001	5_17|6_17|7_18|8_18|9_17|10_10|11_3	10|12|20|21|22|30|33|50|51	1	35									
1061	8003	133710002	5_17|6_17|7_18|8_18|9_17|10_10|11_3	10|12|20|21|22|30|33|50|51	1	35									
1062	8003	133710003	5_17|6_17|7_18|8_18|9_17|10_10|11_3	10|12|20|21|22|30|33|50|51	1	35									
1063	8003	133211001	5_17|6_17|7_18|8_18|9_17|10_10|11_3	10|12|20|21|22|30|33|50|51	1	35									
1064	8003	133711001	5_17|6_17|7_18|8_18|9_17|10_10|11_3	10|12|20|21|22|30|33|50|51	1	35									
1065	8003	133215001	5_17|6_17|7_18|8_18|9_17|10_10|11_3	10|12|20|21|22|30|33|50|51	1	35									
1066	8003	133515001	5_17|6_17|7_18|8_18|9_17|10_10|11_3	10|12|20|21|22|30|33|50|51	1	35									
1067	8003	133715001	5_17|6_17|7_18|8_18|9_17|10_10|11_3	10|12|20|21|22|30|33|50|51	1	35									
1068	8003	133715002	5_17|6_17|7_18|8_18|9_17|10_10|11_3	10|12|20|21|22|30|33|50|51	1	35									
1069	8003	133217001	5_17|6_17|7_18|8_18|9_17|10_10|11_3	10|12|20|21|22|30|33|50|51	1	35									
1070	8003	133517001	5_17|6_17|7_18|8_18|9_17|10_10|11_3	10|12|20|21|22|30|33|50|51	1	34									
1071	8003	133717001	5_17|6_17|7_18|8_18|9_17|10_10|11_3	10|12|20|21|22|30|33|50|51	1	34									
1072	8003	133717002	5_17|6_17|7_18|8_18|9_17|10_10|11_3	10|12|20|21|22|30|33|50|51	1	34									
1073	8003	133220001	5_17|6_17|7_18|8_18|9_17|10_10|11_3	10|12|20|21|22|30|33|50|51	1	35									
1074	8003	133720001	5_17|6_17|7_18|8_18|9_17|10_10|11_3	10|12|20|21|22|30|33|50|51	1	34									
1075	8003	133720002	5_17|6_17|7_18|8_18|9_17|10_10|11_3	10|12|20|21|22|30|33|50|51	1	34									
1076	8003	133720003	5_17|6_17|7_18|8_18|9_17|10_10|11_3	10|12|20|21|22|30|33|50|51	1	34									
1077	8003	133221001	5_17|6_17|7_18|8_18|9_17|10_10|11_3	10|12|20|21|22|30|33|50|51	1	34									
1078	8003	133221002	5_17|6_17|7_18|8_18|9_17|10_10|11_3	10|12|20|21|22|30|33|50|51	1	34									
1079	8003	133721001	5_17|6_17|7_18|8_18|9_17|10_10|11_3	10|12|20|21|22|30|33|50|51	1	34									
1080	8003	133721002	5_17|6_17|7_18|8_18|9_17|10_10|11_3	10|12|20|21|22|30|33|50|51	1	34									
1081	8003	200001001		10|12|20|21|22|30|33|50|51	5	1900									
1082	8003	200001001		10|12|20|21|22|30|33|50|51	10	950									
1083	8003	600000006		10|12|20|21|22|30|33|50|51	3	1900									
1084	8003	600000006		10|12|20|21|22|30|33|50|51	5	950									
1085	8003	600000007		10|12|20|21|22|30|33|50|51	10000	1900									
1086	8003	600000007		10|12|20|21|22|30|33|50|51	20000	950									
1087	8003	200110002		10|12|20|21|22|30|33|50|51	3	1900									
1088	8003	200110002		10|12|20|21|22|30|33|50|51	5	950									
1089	8004	124010001	5_16|6_16|7_16|8_16|9_16|10_15|11_4|12_1	10|12|20|21|22|30|33|50|51	1	1140									
1090	8004	124011001	5_16|6_16|7_16|8_16|9_16|10_15|11_4|12_1	10|12|20|21|22|30|33|50|51	1	1140									
1091	8004	124015001	5_16|6_16|7_16|8_16|9_16|10_15|11_4|12_1	10|12|20|21|22|30|33|50|51	1	1140									
1092	8004	124017001	5_16|6_16|7_16|8_16|9_16|10_15|11_4|12_1	10|12|20|21|22|30|33|50|51	1	1140									
1093	8004	124020001	5_16|6_16|7_16|8_16|9_16|10_15|11_4|12_1	10|12|20|21|22|30|33|50|51	1	1140									
1094	8004	124021001	5_16|6_16|7_16|8_16|9_16|10_15|11_4|12_1	10|12|20|21|22|30|33|50|51	1	1140									
1095	8004	134010001	5_17|6_17|7_18|8_18|9_17|10_10|11_3	10|12|20|21|22|30|33|50|51	1	24									
1096	8004	134210004	5_17|6_17|7_18|8_18|9_17|10_10|11_3	10|12|20|21|22|30|33|50|51	1	24									
1097	8004	134210005	5_17|6_17|7_18|8_18|9_17|10_10|11_3	10|12|20|21|22|30|33|50|51	1	24									
1098	8004	134410001	5_17|6_17|7_18|8_18|9_17|10_10|11_3	10|12|20|21|22|30|33|50|51	1	24									
1099	8004	134710001	5_17|6_17|7_18|8_18|9_17|10_10|11_3	10|12|20|21|22|30|33|50|51	1	24									
1100	8004	134710002	5_17|6_17|7_18|8_18|9_17|10_10|11_3	10|12|20|21|22|30|33|50|51	1	24									
1101	8004	134011001	5_17|6_17|7_18|8_18|9_17|10_10|11_3	10|12|20|21|22|30|33|50|51	1	24									
1102	8004	134411001	5_17|6_17|7_18|8_18|9_17|10_10|11_3	10|12|20|21|22|30|33|50|51	1	24									
1103	8004	134711001	5_17|6_17|7_18|8_18|9_17|10_10|11_3	10|12|20|21|22|30|33|50|51	1	24									
1104	8004	134711002	5_17|6_17|7_18|8_18|9_17|10_10|11_3	10|12|20|21|22|30|33|50|51	1	24									
1105	8004	134015001	5_17|6_17|7_18|8_18|9_17|10_10|11_3	10|12|20|21|22|30|33|50|51	1	24									
1106	8004	134215001	5_17|6_17|7_18|8_18|9_17|10_10|11_3	10|12|20|21|22|30|33|50|51	1	24									
1107	8004	134415001	5_17|6_17|7_18|8_18|9_17|10_10|11_3	10|12|20|21|22|30|33|50|51	1	24									
1108	8004	134715001	5_17|6_17|7_18|8_18|9_17|10_10|11_3	10|12|20|21|22|30|33|50|51	1	24									
1109	8004	134715002	5_17|6_17|7_18|8_18|9_17|10_10|11_3	10|12|20|21|22|30|33|50|51	1	24									
1110	8004	134017001	5_17|6_17|7_18|8_18|9_17|10_10|11_3	10|12|20|21|22|30|33|50|51	1	24									
1111	8004	134217001	5_17|6_17|7_18|8_18|9_17|10_10|11_3	10|12|20|21|22|30|33|50|51	1	24									
1112	8004	134417001	5_17|6_17|7_18|8_18|9_17|10_10|11_3	10|12|20|21|22|30|33|50|51	1	24									
1113	8004	134717001	5_17|6_17|7_18|8_18|9_17|10_10|11_3	10|12|20|21|22|30|33|50|51	1	24									
1114	8004	134717002	5_17|6_17|7_18|8_18|9_17|10_10|11_3	10|12|20|21|22|30|33|50|51	1	23									
1115	8004	134717003	5_17|6_17|7_18|8_18|9_17|10_10|11_3	10|12|20|21|22|30|33|50|51	1	23									
1116	8004	134020001	5_17|6_17|7_18|8_18|9_17|10_10|11_3	10|12|20|21|22|30|33|50|51	1	23									
1117	8004	134220001	5_17|6_17|7_18|8_18|9_17|10_10|11_3	10|12|20|21|22|30|33|50|51	1	23									
1118	8004	134220002	5_17|6_17|7_18|8_18|9_17|10_10|11_3	10|12|20|21|22|30|33|50|51	1	23									
1119	8004	134720001	5_17|6_17|7_18|8_18|9_17|10_10|11_3	10|12|20|21|22|30|33|50|51	1	23									
1120	8004	134720002	5_17|6_17|7_18|8_18|9_17|10_10|11_3	10|12|20|21|22|30|33|50|51	1	23									
1121	8004	134021001	5_17|6_17|7_18|8_18|9_17|10_10|11_3	10|12|20|21|22|30|33|50|51	1	23									
1122	8004	134221001	5_17|6_17|7_18|8_18|9_17|10_10|11_3	10|12|20|21|22|30|33|50|51	1	24									
1123	8004	134221002	5_17|6_17|7_18|8_18|9_17|10_10|11_3	10|12|20|21|22|30|33|50|51	1	24									
1124	8004	134421001	5_17|6_17|7_18|8_18|9_17|10_10|11_3	10|12|20|21|22|30|33|50|51	1	24									
1125	8004	134721001	5_17|6_17|7_18|8_18|9_17|10_10|11_3	10|12|20|21|22|30|33|50|51	1	24									
1126	8004	134721002	5_17|6_17|7_18|8_18|9_17|10_10|11_3	10|12|20|21|22|30|33|50|51	1	24									
1127	8004	200001001		10|12|20|21|22|30|33|50|51	5	1900									
1128	8004	200001001		10|12|20|21|22|30|33|50|51	10	950									
1129	8004	600000006		10|12|20|21|22|30|33|50|51	3	1900									
1130	8004	600000006		10|12|20|21|22|30|33|50|51	5	950									
1131	8004	600000007		10|12|20|21|22|30|33|50|51	10000	1900									
1132	8004	600000007		10|12|20|21|22|30|33|50|51	20000	950									
1133	8004	200110002		10|12|20|21|22|30|33|50|51	3	1900									
1134	8004	200110002		10|12|20|21|22|30|33|50|51	5	950									
1135	8005	134710001	5_17|6_17|7_18|8_18|9_17|10_10|11_3	10|12|20|21|22|30|33|50|51	1	32									
1136	8005	134710002	5_17|6_17|7_18|8_18|9_17|10_10|11_3	10|12|20|21|22|30|33|50|51	1	32									
1137	8005	135410003	5_17|6_17|7_18|8_18|9_17|10_10|11_3	10|12|20|21|22|30|33|50|51	1	32									
1138	8005	135410004	5_17|6_17|7_18|8_18|9_17|10_10|11_3	10|12|20|21|22|30|33|50|51	1	32									
1139	8005	134711001	5_17|6_17|7_18|8_18|9_17|10_10|11_3	10|12|20|21|22|30|33|50|51	1	32									
1140	8005	134711002	5_17|6_17|7_18|8_18|9_17|10_10|11_3	10|12|20|21|22|30|33|50|51	1	32									
1141	8005	135411001	5_17|6_17|7_18|8_18|9_17|10_10|11_3	10|12|20|21|22|30|33|50|51	1	31									
1142	8005	134715001	5_17|6_17|7_18|8_18|9_17|10_10|11_3	10|12|20|21|22|30|33|50|51	1	32									
1143	8005	134715002	5_17|6_17|7_18|8_18|9_17|10_10|11_3	10|12|20|21|22|30|33|50|51	1	32									
1144	8005	135415001	5_17|6_17|7_18|8_18|9_17|10_10|11_3	10|12|20|21|22|30|33|50|51	1	31									
1145	8005	135415002	5_17|6_17|7_18|8_18|9_17|10_10|11_3	10|12|20|21|22|30|33|50|51	1	31									
1146	8005	134717001	5_17|6_17|7_18|8_18|9_17|10_10|11_3	10|12|20|21|22|30|33|50|51	1	32									
1147	8005	134717002	5_17|6_17|7_18|8_18|9_17|10_10|11_3	10|12|20|21|22|30|33|50|51	1	32									
1148	8005	134717003	5_17|6_17|7_18|8_18|9_17|10_10|11_3	10|12|20|21|22|30|33|50|51	1	32									
1149	8005	135417004	5_17|6_17|7_18|8_18|9_17|10_10|11_3	10|12|20|21|22|30|33|50|51	1	31									
1150	8005	135417005	5_17|6_17|7_18|8_18|9_17|10_10|11_3	10|12|20|21|22|30|33|50|51	1	31									
1151	8005	134720001	5_17|6_17|7_18|8_18|9_17|10_10|11_3	10|12|20|21|22|30|33|50|51	1	32									
1152	8005	134720002	5_17|6_17|7_18|8_18|9_17|10_10|11_3	10|12|20|21|22|30|33|50|51	1	32									
1153	8005	135420001	5_17|6_17|7_18|8_18|9_17|10_10|11_3	10|12|20|21|22|30|33|50|51	1	32									
1154	8005	135420002	5_17|6_17|7_18|8_18|9_17|10_10|11_3	10|12|20|21|22|30|33|50|51	1	31									
1155	8005	134721001	5_17|6_17|7_18|8_18|9_17|10_10|11_3	10|12|20|21|22|30|33|50|51	1	32									
1156	8005	134721002	5_17|6_17|7_18|8_18|9_17|10_10|11_3	10|12|20|21|22|30|33|50|51	1	32									
1157	8005	135421001	5_17|6_17|7_18|8_18|9_17|10_10|11_3	10|12|20|21|22|30|33|50|51	1	31									
1158	8005	135421002	5_17|6_17|7_18|8_18|9_17|10_10|11_3	10|12|20|21|22|30|33|50|51	1	31									
1159	8005	124510001	5_17|6_17|7_18|8_18|9_17|10_10|11_3	10|12|20|21|22|30|33|50|51	1	570									
1160	8005	125210001	5_17|6_17|7_18|8_18|9_17|10_10|11_3	10|12|20|21|22|30|33|50|51	1	570									
1161	8005	124511001	5_17|6_17|7_18|8_18|9_17|10_10|11_3	10|12|20|21|22|30|33|50|51	1	570									
1162	8005	125211001	5_17|6_17|7_18|8_18|9_17|10_10|11_3	10|12|20|21|22|30|33|50|51	1	570									
1163	8005	124512001	5_17|6_17|7_18|8_18|9_17|10_10|11_3	10|12|20|21|22|30|33|50|51	1	570									
1164	8005	125212001	5_17|6_17|7_18|8_18|9_17|10_10|11_3	10|12|20|21|22|30|33|50|51	1	570									
1165	8005	124515001	5_17|6_17|7_18|8_18|9_17|10_10|11_3	10|12|20|21|22|30|33|50|51	1	570									
1166	8005	125215001	5_17|6_17|7_18|8_18|9_17|10_10|11_3	10|12|20|21|22|30|33|50|51	1	570									
1167	8005	125217001	5_17|6_17|7_18|8_18|9_17|10_10|11_3	10|12|20|21|22|30|33|50|51	1	570									
1168	8005	124520001	5_17|6_17|7_18|8_18|9_17|10_10|11_3	10|12|20|21|22|30|33|50|51	1	570									
1169	8005	125220001	5_17|6_17|7_18|8_18|9_17|10_10|11_3	10|12|20|21|22|30|33|50|51	1	570									
1170	8005	124521001	5_17|6_17|7_18|8_18|9_17|10_10|11_3	10|12|20|21|22|30|33|50|51	1	570									
1171	8005	200001001		10|12|20|21|22|30|33|50|51	5	1900									
1172	8005	200001001		10|12|20|21|22|30|33|50|51	10	950									
1173	8005	600000006		10|12|20|21|22|30|33|50|51	3	1900									
1174	8005	600000006		10|12|20|21|22|30|33|50|51	5	950									
1175	8005	600000007		10|12|20|21|22|30|33|50|51	10000	1900									
1176	8005	600000007		10|12|20|21|22|30|33|50|51	20000	950									
1177	8005	200110002		10|12|20|21|22|30|33|50|51	3	1900									
1178	8005	200110002		10|12|20|21|22|30|33|50|51	5	950									
