1001	[称]不灭之王1/8	12	1201	0	0	0	0	602000	0	1	60	40	0	0	200000001_10,600000007_5000	0	1	2	2002	2002	0	0	0	0	0	0
1002	[称]不灭之王2/8	12	1201	0	0	0	0	602000	0	1	60	40	0	0	134290001_1,600000007_5000	0	0	2	2002	2002	0	0	0	0	0	0
1003	王之骑士·风	12	1201	0	0	0	0	602000	0	1	60	40	0	0	130193055_1	0	0	2	2002	2002	0	0	0	0	0	1
1004	王之骑士·守护	12	1201	0	0	0	0	602000	0	1	60	40	0	0	130193056_1	0	0	2	2002	2002	0	0	0	0	0	1
1005	王之骑士·冰	12	1201	0	0	0	0	602000	0	1	60	40	0	0	130193057_1	0	0	2	2002	2002	0	0	0	0	0	1
1006	王之骑士·炎	12	1201	0	0	0	0	602000	0	1	60	40	0	0	130193058_1	0	0	2	2002	2002	0	0	0	0	0	1
1007	王之骑士·光	12	1201	0	0	0	0	602000	0	1	60	40	0	0	130193059_1	0	0	2	2002	2002	0	0	0	0	0	1
1008	不灭之王	12	1201	0	0	0	0	602000	0	1	60	40	0	0	130193005_1	0	0	2	2002	2002	0	0	0	0	0	1
1011	[称]塔神的荣耀	11	0	0	0	0	0	2003000	0	0	60	30	0	0	130193054_1	0	1	1	2002	2002	0	0	0	0	0	1
1021	[称]斗龙勇士1/6	11	0	0	0	0	0	301003	0	0	60	22	0	0	600000003_12000,600000007_400	0	1	1	2002	2002	0	0	0	0	0	1
1022	[称]斗龙勇士2/6	11	0	0	0	0	0	301000	1021	1	60	22	0	0	600000003_12000,600000007_400	0	0	1	2002	2002	0	0	0	0	0	1
1023	[称]斗龙勇士3/6	11	0	0	0	0	0	302003	1022	0	60	23	0	0	600000003_13000,600000007_400	0	1	1	2002	2002	0	0	0	0	0	1
1024	[称]斗龙勇士4/6	11	0	0	0	0	0	301000	1023	1	60	23	0	0	600000003_13000,600000007_400	0	0	1	2002	2002	0	0	0	0	0	1
1025	[称]斗龙勇士5/6	11	0	0	0	0	0	303003	1024	0	60	26	0	0	600000003_14000,600000007_400	0	1	1	2002	2002	0	0	0	0	0	1
1026	[称]斗龙勇士6/6	11	0	0	0	0	0	303000	1025	1	60	26	0	0	130193008_1	0	0	1	2002	2002	0	0	0	0	0	1
1501	[转]转职任务	7	0	0	0	0	0	205000	2214	0	60	15	10	0	600000003_7600,600000010_50,121511001_1	0	2	1	2047	2047	0	0	12	0	0	1
1502	[主]击败心魔	1	0	0	0	0	0	205000	2271	1	60	15	0	0	600000003_7600	0	0	1	2047	2047	0	0	12	0	0	0
1503	[转]转职任务	7	0	0	0	0	0	205000	2214	1	60	15	50	0	600000003_7600,600000010_50,121515002_1	0	2	1	2047	2047	0	0	51	0	0	1
1504	击败心魔	1	0	0	0	0	0	205001	0	1	60	15	50	0	600000007_100	0	0	1	2047	2047	0	0	51	0	0	0
1505	[转]转职任务	7	0	0	0	0	0	205000	2214	0	60	15	30	0	600000003_7600,600000010_50,121520002_1	0	2	1	2047	2047	0	0	33	0	0	1
1506	击败心魔	1	0	0	0	0	0	205001	0	1	60	15	30	0	600000007_100	0	0	1	2047	2047	0	0	33	0	0	0
1507	[转]转职任务	7	0	0	0	0	0	205000	2214	0	60	15	20	0	600000003_7600,600000010_50,121515002_1	0	2	1	2047	2047	0	0	21	0	0	1
1508	击败心魔	1	0	0	0	0	0	205001	0	1	60	15	20	0	600000007_100	0	0	1	2047	2047	0	0	21	0	0	0
1509	[转]转职任务	7	0	0	0	0	0	205000	2214	0	60	15	20	0	600000003_7600,600000010_50,121517001_1	0	2	1	2047	2047	0	0	22	0	0	1
1510	击败心魔	1	0	0	0	0	0	205001	0	1	60	15	20	0	600000007_100	0	0	1	2047	2047	0	0	22	0	0	0
1521	[支]丛林守护者1	2	0	0	0	0	0	204001	0	1	60	15	0	0	600000003_4600,600000007_200	0	0	1	2047	2047	0	0	0	0	0	1
1523	[支]丛林守护者2	2	0	0	0	0	0	205001	1521	1	60	15	0	0	600000003_5300,600000007_200	0	0	1	2047	2047	0	0	0	0	0	1
1531	[支]斗龙勇士1/6	2	0	0	0	0	0	301003	0	1	60	24	0	0	600000003_14800,600000007_400	0	0	2	0	0	0	0	0	0	0	0
1532	[支]斗龙勇士2/6	2	0	0	0	0	0	301000	1531	1	60	24	0	0	600000003_14800,600000007_400	0	0	2	0	0	0	0	0	0	0	0
1533	[支]斗龙勇士3/6	2	0	0	0	0	0	302003	1532	1	60	24	0	0	600000003_14800,600000007_400	0	0	2	0	0	0	0	0	0	0	0
1534	[支]斗龙勇士4/6	2	0	0	0	0	0	301000	1533	1	60	24	0	0	600000003_14800,600000007_400	0	0	2	2026	2026	0	0	0	0	0	0
1535	[支]斗龙勇士5/6	2	0	0	0	0	0	303003	1534	1	60	24	0	0	600000003_14800,600000007_400	0	0	2	0	0	0	0	0	0	0	0
1600	[支]装备强化	2	0	0	0	0	0	0	0	1	60	11	0	0	600000007_500	0	0	1	0	2019	0	0	0	0	0	1
1601	[支]强化升级	2	0	0	0	0	0	0	0	1	60	14	0	0	600000007_1000,300000106_10	0	0	1	2019	2019	0	0	0	0	0	1
1602	[支]强化高手	2	0	0	0	0	0	0	0	1	60	19	0	0	600000007_2000,300000106_30	0	0	1	2019	2019	0	0	0	0	0	1
1603	[支]勇者决斗	2	0	0	0	0	0	0	0	1	60	10	0	0	600000005_20,600000008_20	0	0	1	2019	2019	0	0	0	0	0	1
1604	[支]决斗高手	0	0	0	0	0	0	0	0	1	60	20	0	0	600000005_200,600000008_100	0	0	1	2019	2019	0	0	0	0	0	0
1605	[支]决斗霸主	0	0	0	0	0	0	0	0	1	60	25	0	0	600000005_300,600000008_150	0	0	1	2019	2019	0	0	0	0	0	0
1606	[支]每日任务	2	0	0	0	0	0	0	0	1	60	13	0	0	600000007_2000	0	0	1	2019	2019	0	0	0	0	0	1
1607	[支]忠贞伙伴	2	0	0	0	0	0	0	0	1	60	17	0	0	300000105_10	0	0	1	2019	2019	0	0	0	0	0	0
1608	[主]勇者之塔	1	0	0	0	0	0	0	2217	0	60	16	0	0	600000003_7900,300000105_10	0	1	1	2031	2031	0	0	0	0	0	1
1609	[支]斗牛狂欢	2	0	0	0	0	0	0	0	1	60	22	0	0	600000007_2000	0	0	1	2019	2019	0	0	0	0	0	1
1610	[支]附魔3次	2	0	0	0	0	0	0	0	1	60	25	0	0	230000901_1	0	0	1	2019	2019	0	0	0	0	0	0
1611	[支]装备附魔	2	0	0	0	0	0	0	0	1	60	21	0	0	220000901_1,220000903_1,220000904_1	0	0	1	2019	2019	0	0	0	0	0	0
1612	[主]魔晶矿脉	1	0	0	0	0	0	0	2220	1	60	19	0	0	600000003_10600,800000038_2	0	0	1	2047	2047	0	0	0	0	0	0
1613	[支]初入远古	2	0	0	0	0	0	0	0	1	60	40	0	0	200000001_20	0	0	1	2019	2019	0	0	0	0	0	1
1614	[支]踏入深渊	2	0	0	0	0	0	0	0	1	60	30	0	0	200000002_20	0	0	1	2019	2019	0	0	0	0	0	1
1615	[支]升级伙伴	2	0	0	0	0	0	0	0	1	60	18	0	0	300000105_10	0	0	1	2019	2019	0	0	0	0	0	0
1616	[支]组队战斗	2	0	0	0	0	0	0	0	1	60	20	0	0	600000003_9000,600000007_320	0	0	1	2019	2019	0	0	0	0	0	1
1700	[支]风波再起	2	0	0	0	0	0	0	0	1	60	17	0	0	600000003_2600,600000007_300	0	0	1	0	2019	0	0	0	0	0	0
1701	[支]清理余毒	2	0	0	0	0	0	205001	0	1	60	17	0	0	600000003_8600,600000007_300	0	0	1	0	2019	0	0	0	0	0	1
1702	[支]狂暴怪物	2	0	0	0	0	0	0	0	1	60	19	0	0	600000003_3000,600000007_300	0	0	1	0	2010	0	0	0	0	0	1
1703	[支]速战速决	2	0	0	0	0	0	206001	1702	1	60	19	0	0	600000003_7100,600000007_300	0	0	1	0	2010	0	0	0	0	0	1
1704	[支]上交物品	2	0	0	0	0	0	0	1703	1	60	19	0	0	600000003_3500,600000007_300	0	0	0	0	2031	0	0	1,300000106,1	0	0	1
1705	[支]轻松解决	2	0	0	0	0	0	207001	0	1	60	21	0	0	600000003_10000,600000007_300	0	0	0	0	2031	0	0	0	0	0	1
1706	[支]寻找凯瑞	2	0	0	0	0	0	0	1705	1	60	21	0	0	600000003_4300,600000007_300	0	0	1	0	2019	0	0	0	0	0	1
1707	[支]寻找洛傑	2	0	0	0	0	0	0	0	1	60	22	0	0	600000003_4700,600000007_400	0	0	1	0	2010	0	0	0	0	0	1
1708	[支]决斗场地	2	0	0	0	0	0	0	1707	1	60	22	0	0	600000003_4700,600000007_400	0	0	1	0	2031	0	0	0	0	0	1
1709	[支]清理场地	2	0	0	0	0	0	208001	1708	1	60	22	0	0	600000003_11100,600000007_400	0	0	1	0	2031	0	0	0	0	0	1
1710	[支]上交物品	2	0	0	0	0	0	0	1711	1	60	25	0	0	600000003_16200,600000007_400	0	0	0	0	2019	0	0	1,300000105,10	0	0	1
1711	[支]洛傑之邀	2	0	0	0	0	0	0	0	1	60	25	0	0	600000003_7000,600000007_400	0	0	1	0	2010	0	0	0	0	0	1
1712	[支]疯狂玩具	2	0	0	0	0	0	310002	1735	1	60	26	0	0	600000003_17500,600000007_500	0	0	1	0	2010	0	0	0	0	0	1
1713	[支]情况报告	2	0	0	0	0	0	0	1712	1	60	26	0	0	600000003_7500,600000007_500	0	0	1	0	2031	0	0	0	0	0	1
1714	[支]对话任务	2	0	0	0	0	0	0	0	1	60	27	0	0	600000003_8200,600000007_500	0	0	1	0	2047	0	0	0	0	0	1
1715	[支]对话任务	2	0	0	0	0	0	0	1714	1	60	27	0	0	600000003_8200,600000007_500	0	0	1	0	2010	0	0	0	0	0	1
1716	[支]怪物狂暴	2	0	0	0	0	0	303001	1717	1	60	28	0	0	600000003_20400,600000007_500	0	0	1	0	2010	0	0	0	0	0	1
1717	[支]前往对话	2	0	0	0	0	0	0	1715	1	60	28	0	0	600000003_8700,600000007_500	0	0	1	0	2047	0	0	0	0	0	1
1718	[支]询问情况	2	0	0	0	0	0	0	0	1	60	30	0	0	600000003_10400,600000007_500	0	0	1	0	2002	0	0	0	0	0	1
1719	[支]寻找物品	2	0	0	0	0	0	0	1718	1	60	30	0	0	600000003_10400,600000007_500	0	0	0	0	2002	0	0	1,300000105,20	0	0	1
1720	[支]速度解决	2	0	0	0	0	0	304001	0	1	60	30	0	0	600000003_24200,600000007_500	0	0	1	0	2002	0	0	0	0	0	1
1721	[支]寻找凯瑞	2	0	0	0	0	0	0	0	1	60	32	0	0	600000003_12400,600000007_600	0	0	1	0	2019	0	0	0	0	0	1
1722	[支]扫清怪物	2	0	0	0	0	0	305001	1721	1	60	32	0	0	600000003_28900,600000007_600	0	0	1	0	2019	0	0	0	0	0	1
1723	[支]寻找物品	2	0	0	0	0	0	0	0	1	60	35	0	0	600000003_17100,600000007_700	0	0	0	0	2031	0	0	0,1,10	0	0	1
1724	[支]清理余波	2	0	0	0	0	0	308001	0	1	60	38	0	0	600000003_50300,600000007_800	0	0	1	0	2031	0	0	0	0	0	1
1725	[支]洛傑之请	2	0	0	0	0	0	0	1724	1	60	38	0	0	600000003_21500,600000007_800	0	0	1	0	2010	0	0	0	0	0	1
1726	[支]了解情况	2	0	0	0	0	0	0	0	1	60	40	0	0	600000003_24700,600000007_1000	0	0	1	0	2010	0	0	0	0	0	1
1727	[支]蓝色装备	2	0	0	0	0	0	0	1726	1	60	40	0	0	600000003_24700,600000007_1000	0	0	0	0	2010	0	0	0,2,20	0	0	1
1728	[支]清理怪物	2	0	0	0	0	0	307002	0	1	60	40	0	0	600000003_57700,600000007_1000	0	0	1	0	2010	0	0	0	0	0	1
1729	[支]清理余毒	2	0	0	0	0	0	308002	0	1	60	41	0	0	600000003_62900,600000007_1000	0	0	1	0	2010	0	0	0	0	0	1
1730	[支]冒险之怪	2	0	0	0	0	0	309002	0	1	60	43	0	0	600000003_74100,600000007_1100	0	0	1	0	2010	0	0	0	0	0	1
1731	[支]寻找凯瑞	2	0	0	0	0	0	0	0	1	60	45	0	0	600000003_37400,600000007_1200	0	0	1	0	2019	0	0	0	0	0	1
1732	[支]了解情况	2	0	0	0	0	0	0	1731	1	60	45	0	0	600000003_37400,600000007_1200	0	0	1	0	2031	0	0	0	0	0	1
1733	[支]舞会装备	2	0	0	0	0	0	0	1732	1	60	45	0	0	600000003_37400,600000007_1200	0	0	0	0	2031	0	0	0,3,25	0	0	1
1734	[支]玩具集会	2	0	0	0	0	0	0	0	1	60	25	0	0	600000003_7000,600000007_400	0	0	1	0	2031	0	0	0	0	0	1
1735	[支]玩具之家	2	0	0	0	0	0	310000	1734	1	60	25	0	0	600000003_16200,600000007_400	0	0	1	0	2031	0	0	0	0	0	1
1736	[支]新的发现	2	0	0	0	0	0	0	0	1	60	28	0	0	600000003_8700,600000007_500	0	0	1	0	2031	0	0	0	0	0	1
1737	[支]元素废墟	2	0	0	0	0	0	311000	1736	1	60	28	0	0	600000003_20400,600000007_500	0	0	1	0	2031	0	0	0	0	0	1
1738	[支]狂暴元素	2	0	0	0	0	0	311001	1737	1	60	29	0	0	600000003_22100,600000007_500	0	0	1	0	2031	0	0	0	0	0	1
1739	[支]汇报情况	2	0	0	0	0	0	0	1735	1	60	25	0	0	600000003_7000,600000007_400	0	0	1	0	2031	0	0	0	0	0	1
1740	[支]玩具狂暴	2	0	0	0	0	0	310001	1739	1	60	25	0	0	600000003_16200,600000007_400	0	0	1	0	2031	0	0	0	0	0	1
1741	[支]清理怪物	2	0	0	0	0	0	302001	1715	1	60	27	0	0	600000003_19000,600000007_500	0	0	1	0	2031	0	0	0	0	0	1
1742	[支]深渊挑战	2	0	0	0	0	0	0	0	1	60	30	0	0	600000003_14800,600000007_700	0	0	1	0	2031	0	0	0	0	0	1
1743	[支]探索深渊	2	0	0	0	0	0	0	1742	1	60	30	0	0	600000003_34500,600000007_700	0	0	1	0	2031	0	0	0	0	0	1
1744	[支]寻找凯瑞	2	0	0	0	0	0	0	0	1	60	36	0	0	600000003_18600,600000007_700	0	0	1	0	2031	0	0	0	0	0	1
1745	[支]消灭怪物	2	0	0	0	0	0	307001	1744	1	60	36	0	0	600000003_43300,600000007_700	0	0	1	0	2031	0	0	0	0	0	1
1746	[支]风云再起	2	0	0	0	0	0	0	0	1	60	34	0	0	600000003_14800,600000007_700	0	0	1	0	2031	0	0	0	0	0	1
1747	[支]杀人诛心	2	0	0	0	0	0	306001	1746	1	60	34	0	0	600000003_34500,600000007_700	0	0	1	0	2031	0	0	0	0	0	1
1748	[支]继续战斗	2	0	0	0	0	0	206001	1704	1	60	20	0	0	600000003_3500,600000007_300	0	0	1	0	2031	0	0	0	0	0	1
1749	[支]真的勇士	2	0	0	0	0	0	205002	0	1	60	19	0	0	600000003_7100,600000007_300	0	0	1	0	2031	0	0	0	0	0	1
1801	破空石武器	12	1200	0	0	0	0	0	0	0	60	48	0	10_155410003_1,12_155410003_1,20_155415001_1,21_155415001_1,22_155415001_1,30_155420001_1,33_155420001_1,50_155415001_1,51_155415001_1	0	0	1	1	2002	2002	0	0	0	0	0	1
1802	破空石之戒	12	1200	0	0	0	0	0	0	0	60	53	0	0	155292001_1	0	1	1	2002	2002	0	0	0	0	0	1
1803	破空石项链	12	1200	0	0	0	0	0	0	0	60	56	0	0	155290001_1	0	1	1	2002	2002	0	0	0	0	0	1
1804	破空石手镯	12	1200	0	0	0	0	0	0	0	60	60	0	0	155291001_1	0	1	1	2002	2002	0	0	0	0	0	1
1805	破空石武器2	12	1200	0	0	0	0	0	0	0	60	48	0	10_155411001_1,12_155411001_1,20_155417003_1,21_155417003_1,22_155417003_1,30_155421001_1,33_155421001_1,50_155417003_1,51_155417003_1	0	0	1	1	2002	2002	0	0	0	0	0	1
2200	[主]起点	1	0	0	0	0	0	0	0	0	60	1	0	0	600000003_100,600000007_50	0	1	1	2002	2002	0	0	0	0	0	0
2201	[主]冒险的起点	1	0	0	0	0	0	101000	0	0	60	1	0	0	600000003_2000,600000007_101	0	2	1	2002	2002	0	0	0	0	0	1
2302	[主]铁匠雷纳斯	1	0	0	0	0	0	0	2201	0	60	2	0	0	600000003_110,600000007_50,130392001_1	0	0	1	2002	2069	0	0	0	0	0	1
2202	[主]烦人的哥布林	1	0	0	0	0	0	102010	2302	1	60	2	0	10_120511001_1,20_120515001_1,30_120620001_1,50_120515001_1	600000003_2300,600000007_111	0	0	1	2069	2069	0	0	0	0	0	1
2203	[主]消灭牛头怪	1	0	0	0	0	0	102000	2202	1	60	3	0	0	600000003_3000,600000007_232	0	0	1	2069	2069	0	0	0	0	0	1
2281	[主]修炼技能	1	0	0	0	0	0	0	2203	0	60	5	0	0	600000003_1400,600000007_109	0	1	0	2069	2069	0	0	0	0	0	0
2290	[主]过场	1	5	0	0	0	0	0	2203	0	60	5	0	0	0	0	1	1	2002	2002	0	0	UI/Prefabs/Comic3	0	0	0
2204	[主]哥布林的威胁	1	0	0	0	0	0	201010	2203	1	60	5	0	0	600000003_4100,600000007_242	0	1	1	2069	2069	0	0	0	0	0	1
2205	[主]莉亚失踪	1	0	0	0	0	0	201000	2204	0	60	6	0	0	600000003_3500,600000007_221,130193001_1	0	1	1	2069	2069	0	0	0	0	0	1
2282	[主]新的旅途	1	0	0	0	0	0	0	2205	0	60	7	0	0	600000003_1800,600000007_138	0	1	1	2069	2047	0	0	0	0	0	1
2206	[主]狂暴巨兽	1	0	0	0	0	0	202010	2282	0	60	7	0	0	600000003_3900,600000007_328	0	0	1	2047	2047	0	0	0	0	0	1
2207	[主]平定混乱	1	0	0	0	0	0	202000	2206	0	60	8	0	10_121011001_1,20_121015001_1,30_121220001_1,50_121015001_1	600000003_4200,600000007_328	0	1	1	2047	2047	0	0	0	0	0	1
2303	[主]奇妙的谢洛克	1	0	0	0	0	0	0	2207	0	60	8	0	0	600000003_120,600000007_50	0	1	1	2047	2031	0	0	0	0	0	1
2208	[主]丢失的包裹	1	0	0	0	0	0	203010	2303	1	60	9	0	0	600000003_4600,600000007_425	0	0	1	2031	2031	0	0	0	0	0	1
2209	[主]轰雷凯洛	1	0	0	0	0	0	203000	2208	0	60	10	0	0	600000003_5000,600000007_382	0	1	1	2031	2031	0	0	0	0	0	1
2210	[主]抢回货物	1	0	0	0	0	0	204010	2209	1	60	10	0	0	600000003_5500,600000007_494	0	0	1	2031	2031	0	0	0	0	0	1
2211	[主]确保商路	1	0	0	0	0	0	204000	2210	1	60	11	0	0	600000003_5900,600000007_512	0	0	1	2031	2031	0	0	0	0	0	1
2285	[主]沙岚召见	1	0	0	0	0	0	0	2211	1	60	12	0	0	600000003_2900,600000007_278	0	0	1	2031	2047	0	0	0	0	0	1
2212	[主]大商人洛杰	1	0	0	0	0	0	205010	2285	1	60	12	0	0	600000003_6500,600000007_617	0	1	1	2047	2010	0	0	0	0	0	1
2213	[主]格林异变	1	0	0	0	0	0	205020	2212	0	60	12	0	0	600000003_6500,600000007_662	0	1	0	2010	2015	0	0	0	0	0	1
2273	[主]寒冰手镯	1	0	0	0	0	0	0	2220	0	60	12	0	0	600000003_3200,600000007_287	0	1	1	2002	2002	0	0	0	0	0	0
2214	[主]冰霜魔女	1	0	0	0	0	0	205000	2213	0	60	14	0	0	600000003_7100,600000007_638	0	1	1	2047	2047	0	0	0	0	0	1
2286	[主]大学士建议	1	0	0	0	0	0	0	2271	0	60	15	0	0	600000003_3400,600000007_308	0	0	1	2047	2047	0	0	0	0	0	0
2271	[主]转职试练	1	0	0	0	0	0	205000	2214	0	60	15	0	0	600000003_7600,600000007_611	0	1	1	2047	2047	0	0	0	0	0	1
2287	[主]洛杰之邀	1	0	0	0	0	0	0	2271	1	60	15	0	0	600000003_5600,600000007_275	0	0	1	2047	2010	0	0	0	0	0	1
2215	[主]力量对等的商谈	1	0	0	0	0	0	206010	2287	1	60	16	0	0	600000003_7900,600000007_698	0	0	0	2010	2010	0	0	0	0	0	1
2216	[主]丛林法则	1	0	0	0	0	0	206020	2215	0	60	16	0	0	600000003_7900,600000007_698	0	1	0	2031	2031	0	0	0	0	0	1
2217	[主]森林之主	1	0	0	0	0	0	206000	2216	0	60	16	0	0	600000003_7900,600000007_750	0	1	1	2031	2047	0	0	0	0	0	1
2292	[主]再探猛毒沼泽	1	0	0	0	0	0	204001	1608	0	60	17	0	0	600000003_8500,600000007_392	0	1	1	2047	2047	0	0	0	0	0	1
2293	[主]魔力冰晶	1	0	0	0	0	0	205001	2292	0	60	17	0	0	600000003_8500,600000007_392	0	0	1	2047	2047	0	0	0	0	0	1
2288	[主]火焰加护	1	0	0	0	0	0	0	2293	1	60	18	0	0	600000003_4100,600000007_392	0	0	1	2047	2047	0	0	0	0	0	1
2218	[主]初探烈焰之地	1	0	0	0	0	0	207010	2288	0	60	18	0	0	600000003_9100,600000007_871	0	1	1	2019	2019	0	0	0	0	0	1
2219	[主]灰色结晶	1	0	0	0	0	0	207020	2218	0	60	18	0	0	600000003_9100,600000007_871	0	0	1	2019	2047	0	0	0	0	0	1
2220	[主]烈焰魔女	1	0	0	0	0	0	207000	2219	1	60	18	0	0	600000003_9100,600000007_847	0	0	1	2047	2047	0	0	0	0	0	1
2294	[主]扭曲的空间	1	0	0	0	0	0	208000	2220	1	60	19	0	0	600000003_21200,600000007_476	0	0	0	2047	2015	0	0	0	0	0	1
2295	[主]麻烦的仪式	1	0	0	0	0	0	206001	2294	0	60	19	0	0	600000003_21200,600000007_476	0	1	0	2031	2031	0	0	0	0	0	1
2289	[主]扭曲的真相	1	0	0	0	0	0	0	2295	0	60	20	0	0	600000003_5300,600000007_476	0	1	1	2047	2010	0	0	0	0	0	1
2221	[主]雪中送炭	1	0	0	0	0	0	208000	2289	0	60	20	0	0	600000003_11700,600000007_1058	0	1	0	2010	2042	0	0	0	0	0	1
2296	[主]封印结晶	1	0	0	0	0	0	207001	2221	1	60	20	0	0	600000003_11700,600000007_1058	0	0	0	2002	2002	0	0	0	0	0	1
2306	[主]勇士冰霜	1	0	0	0	0	0	205002	2296	0	60	20	0	0	600000003_11700,600000007_1058	0	1	1	2002	2002	0	0	0	0	0	1
2307	[主]勇士丛林	1	0	0	0	0	0	206002	2306	1	60	20	0	0	600000003_11700,600000007_1058	0	0	1	2002	2002	0	0	0	0	0	1
2308	[主]勇士烈焰	1	0	0	0	0	0	207002	2307	1	60	20	0	0	600000003_11700,600000007_1058	0	0	1	2002	2002	0	0	0	0	0	1
2291	[主]过场	1	5	0	0	0	0	0	2221	1	60	20	0	0	0	0	0	1	2002	2002	0	0	UI/Prefabs/Comic4	0	0	0
2297	[主]询问情况	1	0	0	0	0	0	0	2308	1	60	21	0	0	600000003_7600,600000007_476	0	0	1	2002	2002	0	0	0	0	0	1
2298	[主]切磋技艺	1	0	0	0	0	0	208000	2297	1	60	21	0	0	600000003_13200,600000007_1058,210000901_1	0	0	1	2002	2002	0	0	0	0	0	1
2299	[主]更加狂暴	1	0	0	0	0	0	208001	2298	1	60	21	0	0	600000003_13200,600000007_1058	0	0	1	2002	2002	0	0	0	0	0	1
2300	[主]僵尸来历	1	0	0	0	0	0	0	2299	1	60	21	0	0	600000003_7600,600000007_476	0	0	1	2002	2002	0	0	0	0	0	1
2301	[主]了结魔女	1	0	0	0	0	0	207001	2300	1	60	21	0	0	600000003_13200,600000007_1058	0	0	1	2002	2002	0	0	0	0	0	1
2222	[主]天降要塞	1	0	0	0	0	0	301010	2301	1	60	22	0	0	600000003_15800,600000007_1464	0	0	1	2002	2002	0	0	0	0	0	1
2223	[主]无畏冲锋	1	0	0	0	0	0	301020	2222	1	60	22	0	0	600000003_15800,600000007_1464	0	0	1	2002	2002	0	0	0	0	0	1
2224	[主]进入要塞	1	0	0	0	0	0	301000	2223	1	60	22	0	0	600000003_15800,600000007_1464	0	0	1	2002	2002	0	0	0	0	0	1
2225	[主]莉亚被俘	1	0	0	0	0	0	302010	2224	1	60	23	0	0	600000003_19300,600000007_1663	0	0	1	2002	2002	0	0	0	0	0	1
2226	[主]恐怖人偶	1	0	0	0	0	0	302020	2225	1	60	23	0	0	600000003_19300,600000007_1663	0	0	1	2002	2002	0	0	0	0	0	1
2227	[主]营救人质	1	0	0	0	0	0	302000	2226	1	60	23	0	0	600000003_19300,600000007_1663	0	0	1	2002	2002	0	0	0	0	0	1
2274	[主]莉亚烦恼	1	0	0	0	0	0	302000	2227	1	60	24	0	0	600000003_21100,600000007_1887	0	0	1	2002	2002	0	0	0	0	0	1
2275	[主]撩妹达人	1	0	0	0	0	0	0	2274	1	60	24	0	0	600000003_9500,600000007_849	0	0	1	2002	2019	0	0	0	0	0	1
2276	[主]凯瑞要求	1	0	0	0	0	0	0	2275	1	60	24	0	0	600000003_9500,600000007_920	0	0	0	2019	2019	0	0	1,300000106,10	0	0	1
2228	[主]神秘帮手	1	0	0	0	0	0	303010	2276	1	60	26	0	0	600000003_25000,600000007_2342	0	0	1	0	2047	0	0	0	0	0	1
2229	[主]龙人兵团	1	0	0	0	0	0	303020	2228	1	60	26	0	0	600000003_25000,600000007_2342	0	0	1	0	2031	0	0	0	0	0	1
2230	[主]瓦解兵团	1	0	0	0	0	0	303000	2229	1	60	26	0	0	600000003_25000,600000007_2342	0	0	1	0	2047	0	0	0	0	0	1
2231	[主]长官亲卫队	1	0	0	0	0	0	304010	2230	1	60	27	0	0	600000003_27200,600000007_2385	0	0	1	0	2031	0	0	0	0	0	1
2232	[主]同伴往事	1	0	0	0	0	0	304020	2231	1	60	27	0	0	600000003_27200,600000007_2385	0	0	1	0	2010	0	0	0	0	0	1
2233	[主]天界卫士	1	0	0	0	0	0	304000	2232	1	60	27	0	0	600000003_27200,600000007_2385	0	0	1	0	2047	0	0	0	0	0	1
2234	[主]落入密室	1	0	0	0	0	0	305010	2233	1	60	29	0	0	600000003_31600,600000007_2660	0	0	1	0	2031	0	0	0	0	0	1
2235	[主]重逢剑圣	1	0	0	0	0	0	305020	2234	1	60	29	0	0	600000003_31600,600000007_2660	0	0	1	0	2010	0	0	0	0	0	1
2236	[主]突破密室	1	0	0	0	0	0	305000	2235	1	60	29	0	0	600000003_31600,600000007_2660	0	0	1	0	2047	0	0	0	0	0	1
2237	[主]轻松一刻	1	0	0	0	0	0	306010	2236	1	60	31	0	0	600000003_37800,600000007_3047	0	0	1	0	2031	0	0	0	0	0	1
2238	[主]迷之实验室	1	0	0	0	0	0	306020	2237	1	60	31	0	0	600000003_37800,600000007_3047	0	0	1	0	2010	0	0	0	0	0	1
2239	[主]黄金巨人	1	0	0	0	0	0	306000	2238	1	60	31	0	0	600000003_37800,600000007_3125	0	0	1	0	2047	0	0	0	0	0	1
2240	[主]龙人再临	1	0	0	0	0	0	307010	2239	1	60	33	0	0	600000003_45200,600000007_3548	0	0	1	0	2031	0	0	0	0	0	1
2241	[主]卫士尊严	1	0	0	0	0	0	307020	2240	1	60	33	0	0	600000003_45200,600000007_3548	0	0	1	0	2010	0	0	0	0	0	1
2242	[主]魔女姐妹	1	0	0	0	0	0	307000	2241	1	60	33	0	0	600000003_45200,600000007_3548	0	0	1	0	2019	0	0	0	0	0	1
2243	[主]临近大战	1	0	0	0	0	0	308010	2242	1	60	35	0	0	600000003_57000,600000007_4491	0	0	1	0	2047	0	0	0	0	0	1
2244	[主]要塞长官	1	0	0	0	0	0	308020	2243	1	60	35	0	0	600000003_57000,600000007_4491	0	0	1	0	2031	0	0	0	0	0	1
2245	[主]长官之怒	1	0	0	0	0	0	308000	2244	1	60	35	0	0	600000003_57000,600000007_4491	0	0	1	0	2010	0	0	0	0	0	1
2246	[主]龙王陷阱	1	0	0	0	0	0	309000	2245	1	60	37	0	0	600000003_67500,600000007_5291	0	0	1	0	2019	0	0	0	0	0	1
2247	[主]初入雪山	1	0	0	0	0	0	401010	2246	1	60	39	0	0	600000003_82400,600000007_6431	0	0	1	0	2047	0	0	0	0	0	1
2248	[主]热情接待	1	0	0	0	0	0	401020	2247	1	60	39	0	0	600000003_82400,600000007_6431	0	0	1	0	2031	0	0	0	0	0	1
2249	[主]拒之门外	1	0	0	0	0	0	401000	2248	1	60	39	0	0	600000003_82400,600000007_6431	0	0	1	0	2010	0	0	0	0	0	1
2250	[主]雪山试炼	1	0	0	0	0	0	402010	2249	1	60	41	0	0	600000003_89800,600000007_6592	0	0	1	0	2019	0	0	0	0	0	1
2251	[主]部族隐情	1	0	0	0	0	0	402020	2250	1	60	41	0	0	600000003_89800,600000007_6592	0	0	1	0	2047	0	0	0	0	0	1
2252	[主]雪崩拉比	1	0	0	0	0	0	402000	2251	1	60	41	0	0	600000003_89800,600000007_7198	0	0	1	0	2031	0	0	0	0	0	1
2253	[主]雪怪袭击	1	0	0	0	0	0	403010	2252	1	60	43	0	0	600000003_105800,600000007_7892	0	0	1	0	2010	0	0	0	0	0	1
2254	[主]激战雪原	1	0	0	0	0	0	403020	2253	1	60	43	0	0	600000003_105800,600000007_8308	0	0	1	0	2019	0	0	0	0	0	1
2255	[主]冰霜猛兽	1	0	0	0	0	0	403000	2254	1	60	43	0	0	600000003_105800,600000007_8308	0	0	1	0	2047	0	0	0	0	0	1
2256	[主]前往宫殿	1	0	0	0	0	0	404010	2255	1	60	45	0	0	600000003_124700,600000007_9072	0	0	1	0	2031	0	0	0	0	0	1
2257	[主]发狂守卫	1	0	0	0	0	0	404020	2256	1	60	45	0	0	600000003_124700,600000007_9072	0	0	1	0	2010	0	0	0	0	0	1
2258	[主]刀剑相向	1	0	0	0	0	0	404000	2257	1	60	45	0	0	600000003_124700,600000007_9072	0	0	1	0	2019	0	0	0	0	0	1
2259	[主]冰雪宫殿	1	0	0	0	0	0	405010	2258	1	60	46	0	0	600000003_134800,600000007_9660	0	0	1	0	2047	0	0	0	0	0	1
2260	[主]女王现身	1	0	0	0	0	0	405020	2259	1	60	46	0	0	600000003_134800,600000007_9660	0	0	1	0	2031	0	0	0	0	0	1
2261	[主]迎战女王	1	0	0	0	0	0	405000	2260	1	60	46	0	0	600000003_134800,600000007_9660	0	0	1	0	2010	0	0	0	0	0	1
2262	[主]宫殿遭袭	1	0	0	0	0	0	406010	2261	1	60	47	0	0	600000003_146200,600000007_10265	0	0	1	0	2019	0	0	0	0	0	1
2263	[主]解开误会	1	0	0	0	0	0	406020	2262	1	60	47	0	0	600000003_146200,600000007_10265	0	0	1	0	2047	0	0	0	0	0	1
2264	[主]雪怪之潮	1	0	0	0	0	0	406000	2263	1	60	47	0	0	600000003_146200,600000007_10265	0	0	1	0	2031	0	0	0	0	0	1
2265	[主]雪怪来源	1	0	0	0	0	0	407010	2264	1	60	49	0	0	600000003_171000,600000007_11525	0	0	1	0	2010	0	0	0	0	0	1
2266	[主]帝国密使	1	0	0	0	0	0	407020	2265	1	60	49	0	0	600000003_171000,600000007_11525	0	0	1	0	2019	0	0	0	0	0	1
2267	[主]背后阴谋	1	0	0	0	0	0	407000	2266	1	60	49	0	0	600000003_171000,600000007_11525	0	0	1	0	2047	0	0	0	0	0	1
2268	[主]秘密基地	1	0	0	0	0	0	408010	2267	1	60	50	0	0	600000003_185000,600000007_12180	0	0	1	0	2031	0	0	0	0	0	1
2269	[主]从天而降	1	0	0	0	0	0	408020	2268	1	60	50	0	0	600000003_185000,600000007_12180	0	0	1	0	2010	0	0	0	0	0	1
2270	[主]再遇猛兽	1	0	0	0	0	0	408000	2269	1	60	50	0	0	600000003_185000,600000007_12180	0	0	1	0	2019	0	0	0	0	0	1
3001	胜者为王1	3	0	0	0	0	0	0	0	1	60	1	0	0	600000005_20	0	0	2	0	0	0	0	0	0	0	1
3002	胜者为王2	3	0	0	0	0	0	0	3001	1	60	1	0	0	600000005_20	0	0	2	0	0	0	0	0	0	0	1
3003	胜者为王3	3	0	0	0	0	0	0	3002	1	60	1	0	0	600000005_40	0	0	2	0	0	0	0	0	0	0	1
3004	胜者为王4	3	0	0	0	0	0	0	3003	1	60	1	0	0	600000005_40	0	0	2	0	0	0	0	0	0	0	1
3005	胜者为王5	3	0	0	0	0	0	0	3004	1	60	1	0	0	600000005_60	0	0	2	0	0	0	0	0	0	0	1
3006	还有谁！	3	0	0	0	0	0	0	3005	1	60	1	0	0	600000005_100	0	0	2	0	0	0	0	0	0	0	1
3011	渐入佳境1	3	0	0	0	0	0	0	0	1	60	1	0	0	600000005_20	0	0	2	0	0	0	0	0	0	0	1
3012	渐入佳境2	3	0	0	0	0	0	0	3011	1	60	1	0	0	600000005_20	0	0	2	0	0	0	0	0	0	0	1
3013	渐入佳境3	3	0	0	0	0	0	0	3012	1	60	1	0	0	600000005_40	0	0	2	0	0	0	0	0	0	0	1
3014	势如破竹1	3	0	0	0	0	0	0	3013	1	60	1	0	0	600000005_40	0	0	2	0	0	0	0	0	0	0	1
3015	势如破竹2	3	0	0	0	0	0	0	3014	1	60	1	0	0	600000005_60	0	0	2	0	0	0	0	0	0	0	1
3016	势如破竹3	3	0	0	0	0	0	0	3015	1	60	1	0	0	600000005_60	0	0	2	0	0	0	0	0	0	0	1
3017	决斗大师	3	0	0	0	0	0	0	3016	1	60	1	0	0	600000005_80	0	0	2	0	0	0	0	0	0	0	1
3018	决斗王者	3	0	0	0	0	0	0	3017	1	60	1	0	0	600000005_100	0	0	2	0	0	0	0	0	0	0	1
3021	连战连捷1	3	0	0	0	0	0	0	0	1	60	1	0	0	600000005_20	0	0	2	0	0	0	0	0	0	0	1
3022	连战连捷2	3	0	0	0	0	0	0	3021	1	60	1	0	0	600000005_20	0	0	2	0	0	0	0	0	0	0	1
3023	连战连捷3	3	0	0	0	0	0	0	3022	1	60	1	0	0	600000005_40	0	0	2	0	0	0	0	0	0	0	1
3024	连战连捷4	3	0	0	0	0	0	0	3023	1	60	1	0	0	600000005_60	0	0	2	0	0	0	0	0	0	0	1
3025	大满贯	3	0	0	0	0	0	0	3024	1	60	1	0	0	600000005_100	0	0	2	0	0	0	0	0	0	0	1
3041	等不起1	3	0	0	0	0	0	0	0	1	60	1	0	0	600000007_100	0	0	2	0	0	0	0	0	0	0	0
3042	等不起2	3	0	0	0	0	0	0	3041	1	60	1	0	0	600000007_20000	0	0	2	0	0	0	0	0	0	0	0
3043	等不起3	3	0	0	0	0	0	0	3042	1	60	1	0	0	600000007_30000	0	0	2	0	0	0	0	0	0	0	0
3044	等不起4	3	0	0	0	0	0	0	3043	1	60	1	0	0	600000007_50000	0	0	2	0	0	0	0	0	0	0	0
3045	等不起5	3	0	0	0	0	0	0	3044	1	60	1	0	0	600000007_100	0	0	2	0	0	0	0	0	0	0	0
3046	请叫我土豪	3	0	0	0	0	0	0	3045	1	60	1	0	0	600000007_200000	0	0	2	0	0	0	0	0	0	0	0
3051	充能不能停1	3	0	0	0	0	0	0	0	1	60	1	0	0	600000008_10	0	0	2	0	0	0	0	0	0	0	0
3052	充能不能停2	3	0	0	0	0	0	0	3051	1	60	1	0	0	600000008_10	0	0	2	0	0	0	0	0	0	0	0
3053	充能不能停3	3	0	0	0	0	0	0	3052	1	60	1	0	0	600000008_10	0	0	2	0	0	0	0	0	0	0	0
3054	充能不能停4	3	0	0	0	0	0	0	3053	1	60	1	0	0	600000008_10	0	0	2	0	0	0	0	0	0	0	0
3055	充能不能停5	3	0	0	0	0	0	0	3054	1	60	1	0	0	600000008_10	0	0	2	0	0	0	0	0	0	0	0
3056	充能不能停6	3	0	0	0	0	0	0	3055	1	60	1	0	0	600000008_10	0	0	2	0	0	0	0	0	0	0	0
3057	九九归一	3	0	0	0	0	0	0	3056	1	60	1	0	0	600000008_10	0	0	2	0	0	0	0	0	0	0	0
3058	征服异次元	3	0	0	0	0	0	0	3057	1	60	1	0	0	600000008_10	0	0	2	0	0	0	0	0	0	0	0
3071	分解我最爱1	3	0	0	0	0	0	0	0	1	60	1	0	0	600000008_10	0	0	2	0	0	0	0	0	0	0	1
3072	分解我最爱2	3	0	0	0	0	0	0	3071	1	60	1	0	0	600000008_10	0	0	2	0	0	0	0	0	0	0	1
3073	分解我最爱3	3	0	0	0	0	0	0	3072	1	60	1	0	0	600000008_10	0	0	2	0	0	0	0	0	0	0	1
3074	分解我最爱4	3	0	0	0	0	0	0	3073	1	60	1	0	0	600000008_10	0	0	2	0	0	0	0	0	0	0	1
3081	活蹦乱跳1	3	0	0	0	0	0	0	0	1	60	1	0	0	600000008_10	0	0	2	0	0	0	0	0	0	0	0
3082	活蹦乱跳2	3	0	0	0	0	0	0	3081	1	60	1	0	0	600000008_10	0	0	2	0	0	0	0	0	0	0	0
3083	活蹦乱跳3	3	0	0	0	0	0	0	3082	1	60	1	0	0	600000008_10	0	0	2	0	0	0	0	0	0	0	0
3084	活蹦乱跳4	3	0	0	0	0	0	0	3083	1	60	1	0	0	600000008_10	0	0	2	0	0	0	0	0	0	0	0
3091	任务达人1	3	0	0	0	0	0	0	0	1	60	1	0	0	600000008_10	0	0	2	0	0	0	0	0	0	0	1
3092	任务达人2	3	0	0	0	0	0	0	3091	1	60	1	0	0	600000008_10	0	0	2	0	0	0	0	0	0	0	1
3093	任务达人3	3	0	0	0	0	0	0	3092	1	60	1	0	0	600000008_10	0	0	2	0	0	0	0	0	0	0	1
3094	任务达人4	3	0	0	0	0	0	0	3093	1	60	1	0	0	600000008_10	0	0	2	0	0	0	0	0	0	0	1
3101	技能洗出来1	3	0	0	0	0	0	0	0	1	60	1	0	0	600000008_10	0	0	2	0	0	0	0	0	0	0	0
3102	技能洗出来2	3	0	0	0	0	0	0	3101	1	60	1	0	0	600000008_10	0	0	2	0	0	0	0	0	0	0	0
3103	技能洗出来3	3	0	0	0	0	0	0	3102	1	60	1	0	0	600000008_10	0	0	2	0	0	0	0	0	0	0	0
3104	技能洗出来4	3	0	0	0	0	0	0	3103	1	60	1	0	0	600000008_10	0	0	2	0	0	0	0	0	0	0	0
3111	常伴吾身1	3	0	0	0	0	0	0	0	1	60	1	0	0	600000008_10	0	0	2	0	0	0	0	0	0	0	0
3112	常伴吾身2	3	0	0	0	0	0	0	3111	1	60	1	0	0	600000008_10	0	0	2	0	0	0	0	0	0	0	0
3113	常伴吾身3	3	0	0	0	0	0	0	3112	1	60	1	0	0	600000008_10	0	0	2	0	0	0	0	0	0	0	0
3121	贤者之声	3	0	0	0	0	0	0	0	1	60	1	0	0	600000008_10	0	0	2	0	0	0	0	0	0	0	0
3131	传说降临	3	0	0	0	0	0	0	0	1	60	1	0	0	600000008_100	0	0	2	0	0	0	0	0	0	0	0
3141	土罐的欣赏1	3	0	0	0	0	0	0	0	1	60	1	0	0	330000001_1	0	0	2	0	0	0	0	0	0	0	0
3142	土罐的欣赏2	3	0	0	0	0	0	0	3141	1	60	1	0	0	330000001_3	0	0	2	0	0	0	0	0	0	0	0
3143	土罐的欣赏3	3	0	0	0	0	0	0	3142	1	60	1	0	0	330000001_10	0	0	2	0	0	0	0	0	0	0	0
3144	土罐的欣赏4	3	0	0	0	0	0	0	3143	1	60	1	0	0	330000001_20	0	0	2	0	0	0	0	0	0	0	0
3151	改造装备1	3	0	0	0	0	0	0	0	1	60	1	0	0	600000008_10	0	0	2	0	0	0	0	0	0	0	0
3152	改造装备2	3	0	0	0	0	0	0	3151	1	60	1	0	0	600000008_10	0	0	2	0	0	0	0	0	0	0	0
3153	改造装备3	3	0	0	0	0	0	0	3152	1	60	1	0	0	600000008_10	0	0	2	0	0	0	0	0	0	0	0
3154	改造装备4	3	0	0	0	0	0	0	3153	1	60	1	0	0	600000008_10	0	0	2	0	0	0	0	0	0	0	0
3161	探索远古1	3	0	0	0	0	0	0	0	1	60	1	0	0	600000008_10	0	0	2	0	0	0	0	0	0	0	1
3162	探索远古2	3	0	0	0	0	0	0	3161	1	60	1	0	0	600000008_10	0	0	2	0	0	0	0	0	0	0	1
3163	探索远古3	3	0	0	0	0	0	0	3162	1	60	1	0	0	600000008_10	0	0	2	0	0	0	0	0	0	0	1
3164	探索远古4	3	0	0	0	0	0	0	3163	1	60	1	0	0	600000008_10	0	0	2	0	0	0	0	0	0	0	1
3171	挑战深渊1	3	0	0	0	0	0	0	0	1	60	1	0	0	600000008_10	0	0	2	0	0	0	0	0	0	0	1
3172	挑战深渊2	3	0	0	0	0	0	0	3171	1	60	1	0	0	600000008_10	0	0	2	0	0	0	0	0	0	0	1
3173	挑战深渊3	3	0	0	0	0	0	0	3172	1	60	1	0	0	600000008_10	0	0	2	0	0	0	0	0	0	0	1
3174	挑战深渊4	3	0	0	0	0	0	0	3173	1	60	1	0	0	600000008_10	0	0	2	0	0	0	0	0	0	0	1
3181	提升等级1	3	0	0	0	0	0	0	0	1	60	1	0	0	600000008_10	0	0	2	0	0	0	0	0	0	0	1
3182	提升等级2	3	0	0	0	0	0	0	3181	1	60	1	0	0	600000008_10	0	0	2	0	0	0	0	0	0	0	1
3183	提升等级3	3	0	0	0	0	0	0	3182	1	60	1	0	0	600000008_10	0	0	2	0	0	0	0	0	0	0	1
3184	提升等级4	3	0	0	0	0	0	0	3183	1	60	1	0	0	600000008_10	0	0	2	0	0	0	0	0	0	0	1
3185	提升等级5	3	0	0	0	0	0	0	3184	1	60	1	0	0	600000008_10	0	0	2	0	0	0	0	0	0	0	1
3186	提升等级6	3	0	0	0	0	0	0	3185	1	60	1	0	0	600000008_10	0	0	2	0	0	0	0	0	0	0	1
3191	洪荒之力1	3	0	0	0	0	0	0	0	1	60	1	0	0	600000007_3000	0	0	2	0	0	0	0	0	0	0	1
3201	港口郊外	3	0	0	0	0	0	0	0	1	60	1	0	0	600000008_10	0	0	2	0	0	0	0	0	0	0	0
3202	静谧丛林	3	0	0	0	0	0	0	3201	1	60	1	0	0	600000008_10	0	0	2	0	0	0	0	0	0	0	0
3203	龙棘要塞	3	0	0	0	0	0	0	3202	1	60	1	0	0	600000008_10	0	0	2	0	0	0	0	0	0	0	0
3204	万年雪山	3	0	0	0	0	0	0	3202	1	60	1	0	0	600000008_20	0	0	2	0	0	0	0	0	0	0	0
3205	邪恶研究所	3	0	0	0	0	0	0	3202	1	60	1	0	0	600000008_30	0	0	2	0	0	0	0	0	0	0	0
3211	装备齐全1	3	0	0	0	0	0	0	0	1	60	1	0	0	600000008_10	0	0	2	0	0	0	0	0	0	0	1
3212	装备齐全2	3	0	0	0	0	0	0	3211	1	60	1	0	0	600000008_10	0	0	2	0	0	0	0	0	0	0	1
3213	装备齐全3	3	0	0	0	0	0	0	3212	1	60	1	0	0	600000008_10	0	0	2	0	0	0	0	0	0	0	1
3214	装备齐全4	3	0	0	0	0	0	0	3213	1	60	1	0	0	600000008_10	0	0	2	0	0	0	0	0	0	0	1
3221	传承套装1	3	0	0	0	0	0	0	0	1	60	1	0	0	600000007_30000	0	0	2	0	0	0	0	0	0	0	0
3222	传承套装2	3	0	0	0	0	0	0	3221	1	60	1	0	0	600000007_100	0	0	2	0	0	0	0	0	0	0	0
3231	史诗武器	3	0	0	0	0	0	0	0	1	60	1	0	0	600000007_100	0	0	2	0	0	0	0	0	0	0	0
3241	通关地下城1	3	0	0	0	0	0	0	0	1	60	1	0	0	600000008_10	0	0	2	0	0	0	0	0	0	0	1
3242	通关地下城2	3	0	0	0	0	0	0	3211	1	60	1	0	0	600000008_10	0	0	2	0	0	0	0	0	0	0	1
3243	通关地下城3	3	0	0	0	0	0	0	3212	1	60	1	0	0	600000008_10	0	0	2	0	0	0	0	0	0	0	1
3244	通关地下城4	3	0	0	0	0	0	0	3213	1	60	1	0	0	600000008_10	0	0	2	0	0	0	0	0	0	0	1
3251	强化大师1	3	0	0	0	0	0	0	0	1	60	1	0	0	600000008_10	0	0	2	0	0	0	0	0	0	0	1
3252	强化大师2	3	0	0	0	0	0	0	3251	1	60	1	0	0	600000008_10	0	0	2	0	0	0	0	0	0	0	1
3253	强化大师3	3	0	0	0	0	0	0	3252	1	60	1	0	0	600000008_10	0	0	2	0	0	0	0	0	0	0	1
3254	强化大师4	3	0	0	0	0	0	0	3253	1	60	1	0	0	600000008_10	0	0	2	0	0	0	0	0	0	0	1
3255	强化大师5	3	0	0	0	0	0	0	3254	1	60	1	0	0	600000008_10	0	0	2	0	0	0	0	0	0	0	1
3256	强化大师6	3	0	0	0	0	0	0	3255	1	60	1	0	0	600000008_10	0	0	2	0	0	0	0	0	0	0	1
3261	王者之风1	3	0	0	0	0	0	202001	0	1	60	1	0	0	600000008_5	0	0	2	0	0	0	0	0	0	0	0
3262	王者之风2	3	0	0	0	0	0	205002	3262	1	60	1	0	0	600000008_10	0	0	2	0	0	0	0	0	0	0	0
3263	王者之风3	3	0	0	0	0	0	207002	3263	1	60	1	0	0	600000008_20	0	0	2	0	0	0	0	0	0	0	0
3264	王者之风4	3	0	0	0	0	0	208003	3264	1	60	1	0	0	600000008_20	0	0	2	0	0	0	0	0	0	0	0
3265	王者之风5	3	0	0	0	0	0	302003	3265	1	60	1	0	0	600000008_20	0	0	2	0	0	0	0	0	0	0	0
3266	王者之风6	3	0	0	0	0	0	304003	3266	1	60	1	0	0	600000008_20	0	0	2	0	0	0	0	0	0	0	0
3267	王者之风7	3	0	0	0	0	0	308003	3267	1	60	1	0	0	600000008_20	0	0	2	0	0	0	0	0	0	0	0
3268	王者之风8	3	0	0	0	0	0	309003	3268	1	60	1	0	0	600000008_20	0	0	2	0	0	0	0	0	0	0	0
3281	冒险之人	3	0	0	0	0	0	0	0	1	60	1	0	0	600000008_10	0	0	2	0	0	0	0	0	0	0	0
3291	勇士之名	3	0	0	0	0	0	0	0	1	60	1	0	0	600000008_10	0	0	2	0	0	0	0	0	0	0	1
3301	王者之风	3	0	0	0	0	0	0	0	1	60	1	0	0	600000008_10	0	0	2	0	0	0	0	0	0	0	1
3311	签王之王	3	0	0	0	0	0	0	0	1	60	1	0	0	130193020_1	0	0	2	0	0	0	0	0	0	0	0
3331	斗龙勇士	3	0	0	0	0	0	0	0	1	60	1	0	0	130193008_1	0	0	2	0	0	0	0	0	0	0	0
3341	制霸要塞	3	0	0	0	0	0	0	0	1	60	1	0	0	130193002_1	0	0	2	0	0	0	0	0	0	0	0
3391	破碎的心	3	0	0	0	0	0	0	0	1	60	1	0	0	200000310_2	0	0	2	0	0	0	0	0	0	0	0
3401	合格商人	3	0	0	0	0	0	0	0	1	60	1	0	0	600000007_30000	0	0	2	0	0	0	0	0	0	0	0
3500	关卡宝箱1	3	3	0	0	0	0	0	0	1	60	1	0	0	600000010_10	0	0	2	0	0	0	0	1	0	0	1
3501	关卡宝箱2	3	3	0	0	0	0	0	0	1	60	1	0	0	600000010_10	0	0	2	0	0	0	0	1	0	0	1
3502	关卡宝箱3	3	4	0	0	0	0	0	0	1	60	1	0	0	600000008_25,600000010_25	0	0	2	0	0	0	0	1	0	0	1
3503	关卡宝箱4	3	3	0	0	0	0	0	0	1	60	1	0	0	600000010_10	0	0	2	0	0	0	0	1	0	0	1
3504	关卡宝箱5	3	3	0	0	0	0	0	0	1	60	1	0	0	600000010_10	0	0	2	0	0	0	0	2	0	0	1
3505	关卡宝箱6	3	3	0	0	0	0	0	0	1	60	1	0	0	600000010_10	0	0	2	0	0	0	0	2	0	0	1
3506	关卡宝箱7	3	3	0	0	0	0	0	0	1	60	1	0	0	600000010_10	0	0	2	0	0	0	0	2	0	0	1
3507	关卡宝箱8	3	3	0	0	0	0	0	0	1	60	1	0	0	600000010_10	0	0	2	0	0	0	0	2	0	0	1
3508	关卡宝箱9	3	3	0	0	0	0	0	0	1	60	1	0	0	600000010_10	0	0	2	0	0	0	0	2	0	0	1
3509	关卡宝箱10	3	3	0	0	0	0	0	0	1	60	1	0	0	600000010_10	0	0	2	0	0	0	0	2	0	0	1
3510	关卡宝箱11	3	3	0	0	0	0	0	0	1	60	1	0	0	600000010_10	0	0	2	0	0	0	0	2	0	0	1
3511	关卡宝箱12	3	3	0	0	0	0	0	0	1	60	1	0	0	600000010_15	0	0	2	0	0	0	0	2	0	0	1
3512	关卡宝箱13	3	3	0	0	0	0	0	0	1	60	1	0	0	600000010_15	0	0	2	0	0	0	0	2	0	0	1
3513	关卡宝箱14	3	3	0	0	0	0	0	0	1	60	1	0	0	600000010_20	0	0	2	0	0	0	0	2	0	0	1
3514	关卡宝箱15	3	3	0	0	0	0	0	0	1	60	1	0	0	600000010_20	0	0	2	0	0	0	0	2	0	0	1
3515	关卡宝箱16	3	3	0	0	0	0	0	0	1	60	1	0	0	600000010_25	0	0	2	0	0	0	0	2	0	0	1
3516	关卡宝箱17	3	4	0	0	0	0	0	0	1	60	1	0	0	600000008_50,600000010_50	0	0	2	0	0	0	0	2	0	0	1
3517	关卡宝箱18	3	3	0	0	0	0	0	0	1	60	1	0	0	600000010_10	0	0	2	0	0	0	0	3	0	0	1
3518	关卡宝箱19	3	3	0	0	0	0	0	0	1	60	1	0	0	600000010_10	0	0	2	0	0	0	0	3	0	0	1
3519	关卡宝箱20	3	3	0	0	0	0	0	0	1	60	1	0	0	600000010_10	0	0	2	0	0	0	0	3	0	0	1
3520	关卡宝箱21	3	3	0	0	0	0	0	0	1	60	1	0	0	600000010_10	0	0	2	0	0	0	0	3	0	0	1
3521	关卡宝箱22	3	3	0	0	0	0	0	0	1	60	1	0	0	600000010_10	0	0	2	0	0	0	0	3	0	0	1
3522	关卡宝箱23	3	3	0	0	0	0	0	0	1	60	1	0	0	600000010_10	0	0	2	0	0	0	0	3	0	0	1
3523	关卡宝箱24	3	3	0	0	0	0	0	0	1	60	1	0	0	600000010_10	0	0	2	0	0	0	0	3	0	0	1
3524	关卡宝箱25	3	3	0	0	0	0	0	0	1	60	1	0	0	600000010_10	0	0	2	0	0	0	0	3	0	0	1
3525	关卡宝箱26	3	3	0	0	0	0	0	0	1	60	1	0	0	600000010_10	0	0	2	0	0	0	0	3	0	0	1
3526	关卡宝箱27	3	3	0	0	0	0	0	0	1	60	1	0	0	600000010_15	0	0	2	0	0	0	0	3	0	0	1
3527	关卡宝箱28	3	3	0	0	0	0	0	0	1	60	1	0	0	600000010_15	0	0	2	0	0	0	0	3	0	0	1
3528	关卡宝箱29	3	3	0	0	0	0	0	0	1	60	1	0	0	600000010_15	0	0	2	0	0	0	0	3	0	0	1
3529	关卡宝箱30	3	3	0	0	0	0	0	0	1	60	1	0	0	600000010_15	0	0	2	0	0	0	0	3	0	0	1
3530	关卡宝箱31	3	3	0	0	0	0	0	0	1	60	1	0	0	600000010_20	0	0	2	0	0	0	0	3	0	0	1
3531	关卡宝箱32	3	3	0	0	0	0	0	0	1	60	1	0	0	600000010_20	0	0	2	0	0	0	0	3	0	0	1
3532	关卡宝箱33	3	3	0	0	0	0	0	0	1	60	1	0	0	600000010_20	0	0	2	0	0	0	0	3	0	0	1
3533	关卡宝箱34	3	3	0	0	0	0	0	0	1	60	1	0	0	600000010_25	0	0	2	0	0	0	0	3	0	0	1
3534	关卡宝箱35	3	3	0	0	0	0	0	0	1	60	1	0	0	600000010_25	0	0	2	0	0	0	0	3	0	0	1
3535	关卡宝箱36	3	4	0	0	0	0	0	0	1	60	1	0	0	600000008_50,600000010_50	0	0	2	0	0	0	0	3	0	0	1
3536	关卡宝箱37	3	3	0	0	0	0	0	0	1	60	1	0	0	600000010_10	0	0	2	0	0	0	0	4	0	0	1
3537	关卡宝箱38	3	3	0	0	0	0	0	0	1	60	1	0	0	600000010_10	0	0	2	0	0	0	0	4	0	0	1
3538	关卡宝箱39	3	3	0	0	0	0	0	0	1	60	1	0	0	600000010_10	0	0	2	0	0	0	0	4	0	0	1
3539	关卡宝箱40	3	3	0	0	0	0	0	0	1	60	1	0	0	600000010_10	0	0	2	0	0	0	0	4	0	0	1
3540	关卡宝箱41	3	3	0	0	0	0	0	0	1	60	1	0	0	600000010_10	0	0	2	0	0	0	0	4	0	0	1
3541	关卡宝箱42	3	3	0	0	0	0	0	0	1	60	1	0	0	600000010_10	0	0	2	0	0	0	0	4	0	0	1
3542	关卡宝箱43	3	3	0	0	0	0	0	0	1	60	1	0	0	600000010_10	0	0	2	0	0	0	0	4	0	0	1
3543	关卡宝箱44	3	3	0	0	0	0	0	0	1	60	1	0	0	600000010_10	0	0	2	0	0	0	0	4	0	0	1
3544	关卡宝箱45	3	3	0	0	0	0	0	0	1	60	1	0	0	600000010_15	0	0	2	0	0	0	0	4	0	0	1
3545	关卡宝箱46	3	3	0	0	0	0	0	0	1	60	1	0	0	600000010_15	0	0	2	0	0	0	0	4	0	0	1
3546	关卡宝箱47	3	3	0	0	0	0	0	0	1	60	1	0	0	600000010_15	0	0	2	0	0	0	0	4	0	0	1
3547	关卡宝箱48	3	3	0	0	0	0	0	0	1	60	1	0	0	600000010_15	0	0	2	0	0	0	0	4	0	0	1
3548	关卡宝箱49	3	3	0	0	0	0	0	0	1	60	1	0	0	600000010_20	0	0	2	0	0	0	0	4	0	0	1
3549	关卡宝箱50	3	3	0	0	0	0	0	0	1	60	1	0	0	600000010_20	0	0	2	0	0	0	0	4	0	0	1
3550	关卡宝箱51	3	3	0	0	0	0	0	0	1	60	1	0	0	600000010_25	0	0	2	0	0	0	0	4	0	0	1
3551	关卡宝箱52	3	3	0	0	0	0	0	0	1	60	1	0	0	600000010_25	0	0	2	0	0	0	0	4	0	0	1
3552	关卡宝箱53	3	4	0	0	0	0	0	0	1	60	1	0	0	600000008_50,600000010_50	0	0	2	0	0	0	0	4	0	0	1
3901	红包任务-爬塔	10	0	0	0	0	0	0	0	1	60	1	0	0	13_1	0	0	0	0	0	0	0	0	0	0	0
3902	红包任务-强化	10	0	0	0	0	0	0	0	1	60	1	0	0	12_1	0	0	0	0	0	0	0	0	0	0	0
3903	红包任务-随从	10	0	0	0	0	0	0	0	1	60	1	0	0	16_1	0	0	0	0	0	0	0	0	0	0	0
4025	循环任务	9	0	1	100	0	0	208000	0	1	24	21	0	0	600000003_3220,300000106_20	0	0	1	0	2031	0	0	0	0	0	1
4026	循环任务	9	0	1	100	0	0	208000	0	1	24	21	0	0	600000003_3220,300000105_5	0	0	1	0	2031	0	0	0	0	0	1
4027	循环任务	9	0	1	100	0	0	208000	0	1	24	21	0	0	600000003_3220,300000106_20	0	0	1	0	2031	0	0	0	0	0	1
4028	循环任务	9	0	1	100	0	0	208000	0	1	24	21	0	0	600000003_3220,300000105_5	0	0	1	0	2031	0	0	0	0	0	1
4029	循环任务	9	0	1	100	0	0	208000	0	1	24	21	0	0	600000003_3220,200001001_1	0	0	1	0	2031	0	0	0	0	0	1
4030	循环任务	9	0	1	50	0	0	208000	0	1	24	21	0	0	600000003_3220,600000005_10	0	0	1	0	2031	0	0	0	0	0	1
4031	循环任务	9	0	1	50	0	0	208000	0	1	24	21	0	0	600000003_3220,300000105_5	0	0	1	0	2031	0	0	0	0	0	1
4032	循环任务	9	0	1	10	0	0	208000	0	1	24	21	0	0	600000003_3220,600000006_1	0	0	1	0	2031	0	0	0	0	0	1
4033	循环任务	9	0	1	100	0	0	301000	0	1	25	23	0	0	600000003_3740,300000106_20	0	0	1	0	2031	0	0	0	0	0	1
4034	循环任务	9	0	1	100	0	0	301000	0	1	25	23	0	0	600000003_3740,300000105_5	0	0	1	0	2031	0	0	0	0	0	1
4035	循环任务	9	0	1	100	0	0	301000	0	1	25	23	0	0	600000003_3740,300000106_20	0	0	1	0	2031	0	0	0	0	0	1
4036	循环任务	9	0	1	100	0	0	301000	0	1	25	23	0	0	600000003_3740,300000105_5	0	0	1	0	2031	0	0	0	0	0	1
4037	循环任务	9	0	1	100	0	0	301000	0	1	25	23	0	0	600000003_3740,200001001_1	0	0	1	0	2031	0	0	0	0	0	1
4038	循环任务	9	0	1	50	0	0	301000	0	1	25	23	0	0	600000003_3740,600000005_10	0	0	1	0	2031	0	0	0	0	0	1
4039	循环任务	9	0	1	50	0	0	301000	0	1	25	23	0	0	600000003_3740,300000105_5	0	0	1	0	2031	0	0	0	0	0	1
4040	循环任务	9	0	1	10	0	0	301000	0	1	25	23	0	0	600000003_3740,600000006_1	0	0	1	0	2031	0	0	0	0	0	1
4041	循环任务	9	0	1	100	0	0	302000	0	1	28	26	0	0	600000003_4330,300000106_20	0	0	1	0	2031	0	0	0	0	0	1
4042	循环任务	9	0	1	100	0	0	302000	0	1	28	26	0	0	600000003_4330,300000105_5	0	0	1	0	2031	0	0	0	0	0	1
4043	循环任务	9	0	1	100	0	0	302000	0	1	28	26	0	0	600000003_4330,300000106_20	0	0	1	0	2031	0	0	0	0	0	1
4044	循环任务	9	0	1	100	0	0	302000	0	1	28	26	0	0	600000003_4330,300000105_5	0	0	1	0	2031	0	0	0	0	0	1
4045	循环任务	9	0	1	100	0	0	302000	0	1	28	26	0	0	600000003_4330,200001001_1	0	0	1	0	2031	0	0	0	0	0	1
4046	循环任务	9	0	1	50	0	0	302000	0	1	28	26	0	0	600000003_4330,600000005_10	0	0	1	0	2031	0	0	0	0	0	1
4047	循环任务	9	0	1	50	0	0	302000	0	1	28	26	0	0	600000003_4330,300000105_5	0	0	1	0	2031	0	0	0	0	0	1
4048	循环任务	9	0	1	10	0	0	302000	0	1	28	26	0	0	600000003_4330,600000006_1	0	0	1	0	2031	0	0	0	0	0	1
4049	循环任务	9	0	1	100	0	0	303000	0	1	28	27	0	0	600000003_4690,300000106_20	0	0	1	0	2031	0	0	0	0	0	1
4050	循环任务	9	0	1	100	0	0	303000	0	1	28	27	0	0	600000003_4690,300000105_5	0	0	1	0	2031	0	0	0	0	0	1
4051	循环任务	9	0	1	100	0	0	303000	0	1	28	27	0	0	600000003_4690,300000106_20	0	0	1	0	2031	0	0	0	0	0	1
4052	循环任务	9	0	1	100	0	0	303000	0	1	28	27	0	0	600000003_4690,300000105_5	0	0	1	0	2031	0	0	0	0	0	1
4053	循环任务	9	0	1	100	0	0	303000	0	1	28	27	0	0	600000003_4690,200001001_1	0	0	1	0	2031	0	0	0	0	0	1
4054	循环任务	9	0	1	50	0	0	303000	0	1	28	27	0	0	600000003_4690,600000005_10	0	0	1	0	2031	0	0	0	0	0	1
4055	循环任务	9	0	1	50	0	0	303000	0	1	28	27	0	0	600000003_4690,300000105_5	0	0	1	0	2031	0	0	0	0	0	1
4056	循环任务	9	0	1	10	0	0	303000	0	1	28	27	0	0	600000003_4690,600000006_1	0	0	1	0	2031	0	0	0	0	0	1
4057	循环任务	9	0	1	100	0	0	304000	0	1	29	27	0	0	600000003_4690,300000106_20	0	0	1	0	2031	0	0	0	0	0	1
4058	循环任务	9	0	1	100	0	0	304000	0	1	29	27	0	0	600000003_4690,300000105_5	0	0	1	0	2031	0	0	0	0	0	1
4059	循环任务	9	0	1	100	0	0	304000	0	1	29	27	0	0	600000003_4690,300000106_20	0	0	1	0	2031	0	0	0	0	0	1
4060	循环任务	9	0	1	100	0	0	304000	0	1	29	27	0	0	600000003_4690,300000105_5	0	0	1	0	2031	0	0	0	0	0	1
4061	循环任务	9	0	1	100	0	0	304000	0	1	29	27	0	0	600000003_4690,200001001_1	0	0	1	0	2031	0	0	0	0	0	1
4062	循环任务	9	0	1	50	0	0	304000	0	1	29	27	0	0	600000003_4690,600000005_10	0	0	1	0	2031	0	0	0	0	0	1
4063	循环任务	9	0	1	50	0	0	304000	0	1	29	27	0	0	600000003_4690,300000105_5	0	0	1	0	2031	0	0	0	0	0	1
4064	循环任务	9	0	1	10	0	0	304000	0	1	29	27	0	0	600000003_4690,600000006_1	0	0	1	0	2031	0	0	0	0	0	1
4065	循环任务	9	0	1	100	0	0	305000	0	1	31	29	0	0	600000003_5360,300000106_20	0	0	1	0	2031	0	0	0	0	0	1
4066	循环任务	9	0	1	100	0	0	305000	0	1	31	29	0	0	600000003_5360,300000105_5	0	0	1	0	2031	0	0	0	0	0	1
4067	循环任务	9	0	1	100	0	0	305000	0	1	31	29	0	0	600000003_5360,300000106_20	0	0	1	0	2031	0	0	0	0	0	1
4068	循环任务	9	0	1	100	0	0	305000	0	1	31	29	0	0	600000003_5360,300000105_5	0	0	1	0	2031	0	0	0	0	0	1
4069	循环任务	9	0	1	100	0	0	305000	0	1	31	29	0	0	600000003_5360,200001001_1	0	0	1	0	2031	0	0	0	0	0	1
4070	循环任务	9	0	1	50	0	0	305000	0	1	31	29	0	0	600000003_5360,600000005_10	0	0	1	0	2031	0	0	0	0	0	1
4071	循环任务	9	0	1	50	0	0	305000	0	1	31	29	0	0	600000003_5360,300000105_5	0	0	1	0	2031	0	0	0	0	0	1
4072	循环任务	9	0	1	10	0	0	305000	0	1	31	29	0	0	600000003_5360,600000006_1	0	0	1	0	2031	0	0	0	0	0	1
4073	循环任务	9	0	1	100	0	0	306000	0	1	33	31	0	0	600000003_6200,300000106_40	0	0	1	0	2031	0	0	0	0	0	1
4074	循环任务	9	0	1	100	0	0	306000	0	1	33	31	0	0	600000003_6200,300000105_10	0	0	1	0	2031	0	0	0	0	0	1
4075	循环任务	9	0	1	100	0	0	306000	0	1	33	31	0	0	600000003_6200,300000106_40	0	0	1	0	2031	0	0	0	0	0	1
4076	循环任务	9	0	1	100	0	0	306000	0	1	33	31	0	0	600000003_6200,300000105_10	0	0	1	0	2031	0	0	0	0	0	1
4077	循环任务	9	0	1	100	0	0	306000	0	1	33	31	0	0	600000003_6200,200001001_2	0	0	1	0	2031	0	0	0	0	0	1
4078	循环任务	9	0	1	50	0	0	306000	0	1	33	31	0	0	600000003_6200,600000005_20	0	0	1	0	2031	0	0	0	0	0	1
4079	循环任务	9	0	1	50	0	0	306000	0	1	33	31	0	0	600000003_6200,300000105_10	0	0	1	0	2031	0	0	0	0	0	1
4080	循环任务	9	0	1	10	0	0	306000	0	1	33	31	0	0	600000003_6200,600000006_1	0	0	1	0	2031	0	0	0	0	0	1
4081	循环任务	9	0	1	100	0	0	307000	0	1	35	33	0	0	600000003_6970,300000106_40	0	0	1	0	2031	0	0	0	0	0	1
4082	循环任务	9	0	1	100	0	0	307000	0	1	35	33	0	0	600000003_6970,300000105_10	0	0	1	0	2031	0	0	0	0	0	1
4083	循环任务	9	0	1	100	0	0	307000	0	1	35	33	0	0	600000003_6970,300000106_40	0	0	1	0	2031	0	0	0	0	0	1
4084	循环任务	9	0	1	100	0	0	307000	0	1	35	33	0	0	600000003_6970,300000105_10	0	0	1	0	2031	0	0	0	0	0	1
4085	循环任务	9	0	1	100	0	0	307000	0	1	35	33	0	0	600000003_6970,200001001_2	0	0	1	0	2031	0	0	0	0	0	1
4086	循环任务	9	0	1	50	0	0	307000	0	1	35	33	0	0	600000003_6970,600000005_20	0	0	1	0	2031	0	0	0	0	0	1
4087	循环任务	9	0	1	50	0	0	307000	0	1	35	33	0	0	600000003_6970,300000105_10	0	0	1	0	2031	0	0	0	0	0	1
4088	循环任务	9	0	1	10	0	0	307000	0	1	35	33	0	0	600000003_6970,600000006_1	0	0	1	0	2031	0	0	0	0	0	1
4089	循环任务	9	0	1	100	0	0	308000	0	1	37	35	0	0	600000003_7830,300000106_40	0	0	1	0	2031	0	0	0	0	0	1
4090	循环任务	9	0	1	100	0	0	308000	0	1	37	35	0	0	600000003_7830,300000105_10	0	0	1	0	2031	0	0	0	0	0	1
4091	循环任务	9	0	1	100	0	0	308000	0	1	37	35	0	0	600000003_7830,300000106_40	0	0	1	0	2031	0	0	0	0	0	1
4092	循环任务	9	0	1	100	0	0	308000	0	1	37	35	0	0	600000003_7830,300000105_10	0	0	1	0	2031	0	0	0	0	0	1
4093	循环任务	9	0	1	100	0	0	308000	0	1	37	35	0	0	600000003_7830,200001001_2	0	0	1	0	2031	0	0	0	0	0	1
4094	循环任务	9	0	1	50	0	0	308000	0	1	37	35	0	0	600000003_7830,600000005_20	0	0	1	0	2031	0	0	0	0	0	1
4095	循环任务	9	0	1	50	0	0	308000	0	1	37	35	0	0	600000003_7830,300000105_10	0	0	1	0	2031	0	0	0	0	0	1
4096	循环任务	9	0	1	10	0	0	308000	0	1	37	35	0	0	600000003_7830,600000006_1	0	0	1	0	2031	0	0	0	0	0	1
4097	循环任务	9	0	1	100	0	0	309000	0	1	40	37	0	0	600000003_8800,300000106_40	0	0	1	0	2031	0	0	0	0	0	1
4098	循环任务	9	0	1	100	0	0	309000	0	1	40	37	0	0	600000003_8800,300000105_10	0	0	1	0	2031	0	0	0	0	0	1
4099	循环任务	9	0	1	100	0	0	309000	0	1	40	37	0	0	600000003_8800,300000106_40	0	0	1	0	2031	0	0	0	0	0	1
4100	循环任务	9	0	1	100	0	0	309000	0	1	40	37	0	0	600000003_8800,300000105_10	0	0	1	0	2031	0	0	0	0	0	1
4101	循环任务	9	0	1	100	0	0	309000	0	1	40	37	0	0	600000003_8800,200001001_2	0	0	1	0	2031	0	0	0	0	0	1
4102	循环任务	9	0	1	50	0	0	309000	0	1	40	37	0	0	600000003_8800,600000005_20	0	0	1	0	2031	0	0	0	0	0	1
4103	循环任务	9	0	1	50	0	0	309000	0	1	40	37	0	0	600000003_8800,300000105_10	0	0	1	0	2031	0	0	0	0	0	1
4104	循环任务	9	0	1	10	0	0	309000	0	1	40	37	0	0	600000003_8800,600000006_1	0	0	1	0	2031	0	0	0	0	0	1
4105	循环任务	9	0	1	100	0	0	401000	0	1	42	39	0	0	600000003_9920,300000106_40	0	0	1	0	2031	0	0	0	0	0	1
4106	循环任务	9	0	1	100	0	0	401000	0	1	42	39	0	0	600000003_9920,300000105_10	0	0	1	0	2031	0	0	0	0	0	1
4107	循环任务	9	0	1	100	0	0	401000	0	1	42	39	0	0	600000003_9920,300000106_40	0	0	1	0	2031	0	0	0	0	0	1
4108	循环任务	9	0	1	100	0	0	401000	0	1	42	39	0	0	600000003_9920,300000105_10	0	0	1	0	2031	0	0	0	0	0	1
4109	循环任务	9	0	1	100	0	0	401000	0	1	42	39	0	0	600000003_9920,200001001_2	0	0	1	0	2031	0	0	0	0	0	1
4110	循环任务	9	0	1	50	0	0	401000	0	1	42	39	0	0	600000003_9920,600000005_20	0	0	1	0	2031	0	0	0	0	0	1
4111	循环任务	9	0	1	50	0	0	401000	0	1	42	39	0	0	600000003_9920,300000105_10	0	0	1	0	2031	0	0	0	0	0	1
4112	循环任务	9	0	1	10	0	0	401000	0	1	42	39	0	0	600000003_9920,600000006_1	0	0	1	0	2031	0	0	0	0	0	1
4113	循环任务	9	0	1	100	0	0	402000	0	1	44	41	0	0	600000003_11140,300000106_40	0	0	1	0	2031	0	0	0	0	0	1
4114	循环任务	9	0	1	100	0	0	402000	0	1	44	41	0	0	600000003_11140,300000105_10	0	0	1	0	2031	0	0	0	0	0	1
4115	循环任务	9	0	1	100	0	0	402000	0	1	44	41	0	0	600000003_11140,300000106_40	0	0	1	0	2031	0	0	0	0	0	1
4116	循环任务	9	0	1	100	0	0	402000	0	1	44	41	0	0	600000003_11140,300000105_10	0	0	1	0	2031	0	0	0	0	0	1
4117	循环任务	9	0	1	100	0	0	402000	0	1	44	41	0	0	600000003_11140,200001001_2	0	0	1	0	2031	0	0	0	0	0	1
4118	循环任务	9	0	1	50	0	0	402000	0	1	44	41	0	0	600000003_11140,600000005_20	0	0	1	0	2031	0	0	0	0	0	1
4119	循环任务	9	0	1	50	0	0	402000	0	1	44	41	0	0	600000003_11140,300000105_10	0	0	1	0	2031	0	0	0	0	0	1
4120	循环任务	9	0	1	10	0	0	402000	0	1	44	41	0	0	600000003_11140,600000006_1	0	0	1	0	2031	0	0	0	0	0	1
4121	循环任务	9	0	1	100	0	0	403000	0	1	46	43	0	0	600000003_12510,300000106_40	0	0	1	0	2031	0	0	0	0	0	1
4122	循环任务	9	0	1	100	0	0	403000	0	1	46	43	0	0	600000003_12510,300000105_10	0	0	1	0	2031	0	0	0	0	0	1
4123	循环任务	9	0	1	100	0	0	403000	0	1	46	43	0	0	600000003_12510,300000106_40	0	0	1	0	2031	0	0	0	0	0	1
4124	循环任务	9	0	1	100	0	0	403000	0	1	46	43	0	0	600000003_12510,300000105_10	0	0	1	0	2031	0	0	0	0	0	1
4125	循环任务	9	0	1	100	0	0	403000	0	1	46	43	0	0	600000003_12510,200001001_2	0	0	1	0	2031	0	0	0	0	0	1
4126	循环任务	9	0	1	50	0	0	403000	0	1	46	43	0	0	600000003_12510,600000005_20	0	0	1	0	2031	0	0	0	0	0	1
4127	循环任务	9	0	1	50	0	0	403000	0	1	46	43	0	0	600000003_12510,300000105_10	0	0	1	0	2031	0	0	0	0	0	1
4128	循环任务	9	0	1	10	0	0	403000	0	1	46	43	0	0	600000003_12510,600000006_1	0	0	1	0	2031	0	0	0	0	0	1
4129	循环任务	9	0	1	100	0	0	404000	0	1	48	45	0	0	600000003_14080,300000106_40	0	0	1	0	2031	0	0	0	0	0	1
4130	循环任务	9	0	1	100	0	0	404000	0	1	48	45	0	0	600000003_14080,300000105_10	0	0	1	0	2031	0	0	0	0	0	1
4131	循环任务	9	0	1	100	0	0	404000	0	1	48	45	0	0	600000003_14080,300000106_40	0	0	1	0	2031	0	0	0	0	0	1
4132	循环任务	9	0	1	100	0	0	404000	0	1	48	45	0	0	600000003_14080,300000105_10	0	0	1	0	2031	0	0	0	0	0	1
4133	循环任务	9	0	1	100	0	0	404000	0	1	48	45	0	0	600000003_14080,200001001_2	0	0	1	0	2031	0	0	0	0	0	1
4134	循环任务	9	0	1	50	0	0	404000	0	1	48	45	0	0	600000003_14080,600000005_20	0	0	1	0	2031	0	0	0	0	0	1
4135	循环任务	9	0	1	50	0	0	404000	0	1	48	45	0	0	600000003_14080,300000105_10	0	0	1	0	2031	0	0	0	0	0	1
4136	循环任务	9	0	1	10	0	0	404000	0	1	48	45	0	0	600000003_14080,600000006_1	0	0	1	0	2031	0	0	0	0	0	1
4137	循环任务	9	0	1	100	0	0	405000	0	1	49	46	0	0	600000003_14900,300000106_40	0	0	1	0	2031	0	0	0	0	0	1
4138	循环任务	9	0	1	100	0	0	405000	0	1	49	46	0	0	600000003_14900,300000105_10	0	0	1	0	2031	0	0	0	0	0	1
4139	循环任务	9	0	1	100	0	0	405000	0	1	49	46	0	0	600000003_14900,300000106_40	0	0	1	0	2031	0	0	0	0	0	1
4140	循环任务	9	0	1	100	0	0	405000	0	1	49	46	0	0	600000003_14900,300000105_10	0	0	1	0	2031	0	0	0	0	0	1
4141	循环任务	9	0	1	100	0	0	405000	0	1	49	46	0	0	600000003_14900,200001001_2	0	0	1	0	2031	0	0	0	0	0	1
4142	循环任务	9	0	1	50	0	0	405000	0	1	49	46	0	0	600000003_14900,600000005_20	0	0	1	0	2031	0	0	0	0	0	1
4143	循环任务	9	0	1	50	0	0	405000	0	1	49	46	0	0	600000003_14900,300000105_10	0	0	1	0	2031	0	0	0	0	0	1
4144	循环任务	9	0	1	10	0	0	405000	0	1	49	46	0	0	600000003_14900,600000006_1	0	0	1	0	2031	0	0	0	0	0	1
4145	循环任务	9	0	1	100	0	0	406000	0	1	60	47	0	0	600000003_15810,300000106_40	0	0	1	0	2031	0	0	0	0	0	1
4146	循环任务	9	0	1	100	0	0	406000	0	1	60	47	0	0	600000003_15810,300000105_10	0	0	1	0	2031	0	0	0	0	0	1
4147	循环任务	9	0	1	100	0	0	406000	0	1	60	47	0	0	600000003_15810,300000106_40	0	0	1	0	2031	0	0	0	0	0	1
4148	循环任务	9	0	1	100	0	0	406000	0	1	60	47	0	0	600000003_15810,300000105_10	0	0	1	0	2031	0	0	0	0	0	1
4149	循环任务	9	0	1	100	0	0	406000	0	1	60	47	0	0	600000003_15810,200001001_2	0	0	1	0	2031	0	0	0	0	0	1
4150	循环任务	9	0	1	50	0	0	406000	0	1	60	47	0	0	600000003_15810,600000005_20	0	0	1	0	2031	0	0	0	0	0	1
4151	循环任务	9	0	1	50	0	0	406000	0	1	60	47	0	0	600000003_15810,300000105_10	0	0	1	0	2031	0	0	0	0	0	1
4152	循环任务	9	0	1	10	0	0	406000	0	1	60	47	0	0	600000003_15810,600000006_1	0	0	1	0	2031	0	0	0	0	0	1
4153	循环任务	9	0	1	100	0	0	407000	0	1	60	49	0	0	600000003_17750,300000106_40	0	0	1	0	2031	0	0	0	0	0	1
4154	循环任务	9	0	1	100	0	0	407000	0	1	60	49	0	0	600000003_17750,300000105_10	0	0	1	0	2031	0	0	0	0	0	1
4155	循环任务	9	0	1	100	0	0	407000	0	1	60	49	0	0	600000003_17750,300000106_40	0	0	1	0	2031	0	0	0	0	0	1
4156	循环任务	9	0	1	100	0	0	407000	0	1	60	49	0	0	600000003_17750,300000105_10	0	0	1	0	2031	0	0	0	0	0	1
4157	循环任务	9	0	1	100	0	0	407000	0	1	60	49	0	0	600000003_17750,200001001_2	0	0	1	0	2031	0	0	0	0	0	1
4158	循环任务	9	0	1	50	0	0	407000	0	1	60	49	0	0	600000003_17750,600000005_20	0	0	1	0	2031	0	0	0	0	0	1
4159	循环任务	9	0	1	50	0	0	407000	0	1	60	49	0	0	600000003_17750,300000105_10	0	0	1	0	2031	0	0	0	0	0	1
4160	循环任务	9	0	1	10	0	0	407000	0	1	60	49	0	0	600000003_17750,600000006_1	0	0	1	0	2031	0	0	0	0	0	1
4161	循环任务	9	0	1	100	0	0	408000	0	1	60	53	0	0	600000003_22420,300000106_20	0	0	1	0	2031	0	0	0	0	0	1
4162	循环任务	9	0	1	100	0	0	408000	0	1	60	53	0	0	600000003_22420,300000105_5	0	0	1	0	2031	0	0	0	0	0	1
4163	循环任务	9	0	1	100	0	0	408000	0	1	60	53	0	0	600000003_22420,300000106_20	0	0	1	0	2031	0	0	0	0	0	1
4164	循环任务	9	0	1	100	0	0	408000	0	1	60	53	0	0	600000003_22420,300000105_5	0	0	1	0	2031	0	0	0	0	0	1
4165	循环任务	9	0	1	100	0	0	408000	0	1	60	53	0	0	600000003_22420,200001001_1	0	0	1	0	2031	0	0	0	0	0	1
4166	循环任务	9	0	1	50	0	0	408000	0	1	60	53	0	0	600000003_22420,600000005_10	0	0	1	0	2031	0	0	0	0	0	1
4167	循环任务	9	0	1	50	0	0	408000	0	1	60	53	0	0	600000003_22420,300000105_5	0	0	1	0	2031	0	0	0	0	0	1
4168	循环任务	9	0	1	10	0	0	408000	0	1	60	53	0	0	600000003_22420,600000006_1	0	0	1	0	2031	0	0	0	0	0	1
4301	循环任务	9	0	2	100	0	0	0	0	1	23	21	0	0	600000003_3220,600000001_53	0	0	0	0	2047	0	0	1,300000106,10	0	0	1
4302	循环任务	9	0	2	100	0	0	0	0	1	23	21	0	0	600000003_3220,600000001_53	0	0	0	0	2010	0	0	1,300000105,5	0	0	1
4303	循环任务	9	0	2	100	0	0	0	0	1	23	21	0	0	600000003_3220,600000001_53	0	0	0	0	2010	0	0	0,1,10	0	0	1
4304	循环任务	9	0	2	50	0	0	0	0	1	23	21	0	0	600000003_3220,600000001_53	0	0	0	0	2019	0	0	0,2,10	0	0	1
4305	循环任务	9	0	2	10	0	0	0	0	1	23	21	0	0	600000003_3220,600000001_53	0	0	0	0	2031	0	0	0,3,10	0	0	0
4306	循环任务	9	0	2	100	0	0	0	0	1	25	23	0	0	600000003_3500,600000001_85	0	0	0	0	2031	0	0	1,300000106,5	0	0	1
4307	循环任务	9	0	2	100	0	0	0	0	1	25	23	0	0	600000003_3500,600000001_85	0	0	0	0	2047	0	0	1,300000105,5	0	0	1
4308	循环任务	9	0	2	100	0	0	0	0	1	25	23	0	0	600000003_3500,600000001_85	0	0	0	0	2010	0	0	0,1,15	0	0	1
4309	循环任务	9	0	2	50	0	0	0	0	1	25	23	0	0	600000003_3500,600000001_85	0	0	0	0	2010	0	0	0,2,15	0	0	1
4310	循环任务	9	0	2	10	0	0	0	0	1	25	23	0	0	600000003_3500,600000001_85	0	0	0	0	2019	0	0	0,3,15	0	0	0
4311	循环任务	9	0	2	100	0	0	0	0	1	29	25	0	0	600000003_4030,600000001_63	0	0	0	0	2031	0	0	1,300000106,5	0	0	1
4312	循环任务	9	0	2	100	0	0	0	0	1	29	25	0	0	600000003_4030,600000001_63	0	0	0	0	2031	0	0	1,300000105,5	0	0	1
4313	循环任务	9	0	2	100	0	0	0	0	1	29	25	0	0	600000003_4030,600000001_63	0	0	0	0	2047	0	0	0,1,20	0	0	1
4314	循环任务	9	0	2	50	0	0	0	0	1	29	25	0	0	600000003_4030,600000001_63	0	0	0	0	2010	0	0	0,2,20	0	0	1
4315	循环任务	9	0	2	10	0	0	0	0	1	29	25	0	0	600000003_4030,600000001_63	0	0	0	0	2010	0	0	0,3,20	0	0	1
4316	循环任务	9	0	2	100	0	0	0	0	1	34	30	0	0	600000003_5750,600000001_79	0	0	0	0	2019	0	0	1,300000106,5	0	0	1
4317	循环任务	9	0	2	100	0	0	0	0	1	34	30	0	0	600000003_5750,600000001_79	0	0	0	0	2031	0	0	1,300000105,5	0	0	1
4318	循环任务	9	0	2	100	0	0	0	0	1	34	30	0	0	600000003_5750,600000001_79	0	0	0	0	2031	0	0	0,1,25	0	0	1
4319	循环任务	9	0	2	50	0	0	0	0	1	34	30	0	0	600000003_5750,600000001_79	0	0	0	0	2047	0	0	0,2,25	0	0	1
4320	循环任务	9	0	2	10	0	0	0	0	1	34	30	0	0	600000003_5750,600000001_79	0	0	0	0	2010	0	0	0,3,25	0	0	1
4321	循环任务	9	0	2	100	0	0	0	0	1	39	35	0	0	600000003_7830,600000001_89	0	0	0	0	2010	0	0	1,300000106,5	0	0	1
4322	循环任务	9	0	2	100	0	0	0	0	1	39	35	0	0	600000003_7830,600000001_89	0	0	0	0	2019	0	0	1,300000105,5	0	0	1
4323	循环任务	9	0	2	100	0	0	0	0	1	39	35	0	0	600000003_7830,600000001_89	0	0	0	0	2031	0	0	0,1,30	0	0	1
4324	循环任务	9	0	2	50	0	0	0	0	1	39	35	0	0	600000003_7830,600000001_89	0	0	0	0	2031	0	0	0,2,30	0	0	1
4325	循环任务	9	0	2	10	0	0	0	0	1	39	35	0	0	600000003_7830,600000001_89	0	0	0	0	2047	0	0	0,3,30	0	0	1
4326	循环任务	9	0	2	100	0	0	0	0	1	60	40	0	0	600000003_10470,600000001_116	0	0	0	0	2010	0	0	1,300000106,5	0	0	1
4327	循环任务	9	0	2	100	0	0	0	0	1	60	40	0	0	600000003_10470,600000001_116	0	0	0	0	2010	0	0	1,300000105,5	0	0	1
4328	循环任务	9	0	2	100	0	0	0	0	1	60	40	0	0	600000003_10470,600000001_116	0	0	0	0	2019	0	0	0,1,40	0	0	1
4329	循环任务	9	0	2	50	0	0	0	0	1	60	40	0	0	600000003_10470,600000001_116	0	0	0	0	2031	0	0	0,2,40	0	0	1
4330	循环任务	9	0	2	10	0	0	0	0	1	60	40	0	0	600000003_10470,600000001_116	0	0	0	0	2031	0	0	0,3,40	0	0	1
4401	循环任务	9	0	3	100	0	0	0	0	1	25	21	0	0	600000003_3220,600000001_95	0	0	1	0	2047	0	0	0	0	0	1
4402	循环任务	9	0	3	100	0	0	0	0	1	25	21	0	0	600000003_3220,600000001_53	0	0	1	0	2010	0	0	0	0	0	1
4403	循环任务	9	0	3	100	0	0	0	0	1	29	25	0	0	600000003_4030,600000001_63	0	0	1	0	2010	0	0	0	0	0	1
4404	循环任务	9	0	3	100	0	0	0	0	1	35	30	0	0	600000003_5750,600000001_78	0	0	1	0	2019	0	0	0	0	0	1
4405	循环任务	9	0	3	100	0	0	0	0	1	45	36	0	0	600000003_6560,600000001_89	0	0	1	0	2031	0	0	0	0	0	1
4406	循环任务	9	0	3	100	0	0	0	0	1	60	46	0	0	600000003_14900,600000001_116	0	0	1	0	2031	0	0	0	0	0	1
4407	循环任务	9	0	3	100	0	0	0	0	1	29	25	0	0	600000003_4030,600000001_63	0	0	1	0	2047	0	0	0	0	0	1
4408	循环任务	9	0	3	100	0	0	0	0	1	35	30	0	0	600000003_5750,600000001_78	0	0	1	0	2047	0	0	0	0	0	1
4409	循环任务	9	0	3	100	0	0	0	0	1	45	36	0	0	600000003_6560,600000001_89	0	0	1	0	2047	0	0	0	0	0	1
4410	循环任务	9	0	3	100	0	0	0	0	1	60	46	0	0	600000003_14900,600000001_116	0	0	1	0	2047	0	0	0	0	0	1
4411	循环任务	9	0	3	100	0	0	0	0	1	35	30	0	0	600000003_5750,600000001_78	0	0	1	0	2010	0	0	0	0	0	1
4412	循环任务	9	0	3	100	0	0	0	0	1	45	36	0	0	600000003_6560,600000001_89	0	0	1	0	2010	0	0	0	0	0	1
4413	循环任务	9	0	3	100	0	0	0	0	1	60	46	0	0	600000003_14900,600000001_116	0	0	1	0	2010	0	0	0	0	0	1
4414	循环任务	9	0	3	100	0	0	0	0	1	25	21	0	0	600000003_3220,600000001_95	0	0	1	0	2019	0	0	0	0	0	1
4415	循环任务	9	0	3	100	0	0	0	0	1	29	25	0	0	600000003_4030,600000001_63	0	0	1	0	2019	0	0	0	0	0	1
4416	循环任务	9	0	3	100	0	0	0	0	1	45	36	0	0	600000003_14900,600000001_116	0	0	1	0	2019	0	0	0	0	0	1
4417	循环任务	9	0	3	100	0	0	0	0	1	60	46	0	0	600000003_5750,600000001_78	0	0	1	0	2019	0	0	0	0	0	1
4418	循环任务	9	0	3	100	0	0	0	0	1	25	21	0	0	600000003_3220,600000001_95	0	0	1	0	2031	0	0	0	0	0	1
4419	循环任务	9	0	3	100	0	0	0	0	1	29	25	0	0	600000003_4030,600000001_63	0	0	1	0	2031	0	0	0	0	0	1
9001	疲劳消耗	0	1	0	0	1	0	0	0	1	60	1	0	0	800000035_1	0	0	2	0	0	0	15	15	0	0	1
9002	礼券消耗	0	1	0	0	1	0	0	0	1	60	1	0	0	800000035_1	0	0	2	0	0	0	15	15	0	0	0
9003	完成3场比赛	0	2	0	0	1	0	0	0	1	60	1	0	0	600000005_100	0	0	2	0	0	0	0	0	0	0	1
9004	获胜1场比赛	0	2	0	0	1	0	0	0	1	60	1	0	0	600000005_50	0	0	2	0	0	0	0	0	0	0	1
9005	决斗试炼	0	1	0	0	1	0	0	0	1	60	1	0	0	600000008_30,600000005_100	0	0	2	0	0	0	15	15	0	0	1
9006	赠礼回馈	0	1	0	0	1	0	0	0	1	60	10	0	0	800000035_1	0	0	2	0	0	0	10	10	0	0	1
9007	循环之王	0	1	0	0	1	0	0	0	1	60	21	0	0	300000501_1	0	0	2	0	0	0	10	10	0	0	1
9008	普通冒险	0	1	0	0	1	0	0	0	1	60	1	0	0	0	1000	0	2	0	0	0	20	20	0	0	1
9009	勇士王者	0	1	0	0	1	0	0	0	1	60	1	0	0	0	1000	0	2	0	0	0	20	20	0	0	1
9010	挑战深渊	0	1	0	0	1	0	0	0	1	60	30	0	0	200000002_20	0	0	2	0	0	0	10	10	0	0	1
9011	机械神牛	0	1	0	0	1	0	0	0	1	60	48	0	0	360000002_3	0	0	2	0	0	0	5	5	0	0	0
9012	帝王印章	0	1	0	0	1	0	0	0	1	60	40	0	0	360000001_5	0	0	2	0	0	0	5	5	0	0	0
9013	破空之石	0	1	0	0	1	0	0	0	1	60	48	0	0	360000002_5	0	0	2	0	0	0	5	5	0	0	0
9014	附魔合成	0	1	0	0	1	0	0	0	1	60	21	0	0	600000007_100	0	0	2	0	0	0	5	5	0	0	0
9015	魔法之罐	0	1	0	0	1	0	0	0	1	60	17	0	0	330000001_1	0	0	2	0	0	0	10	10	0	0	1
9016	随从洗练	0	1	0	0	1	0	0	0	1	60	12	0	0	300000105_20	0	0	2	0	0	0	5	5	0	0	0
9017	装备强化	0	1	0	0	1	0	0	0	1	60	1	0	0	300000106_20	0	0	2	0	0	0	10	10	0	0	1
9018	次元能量	0	1	0	0	1	0	0	0	1	60	19	0	0	200050022_5	0	0	2	0	0	0	5	5	0	0	0
9019	商店购买	0	1	0	0	1	0	0	0	1	60	1	0	0	600000007_2000	0	0	2	0	0	0	10	10	0	0	1
9020	勇者之塔	0	1	0	0	1	0	0	0	1	60	16	0	0	0	1000	0	2	0	0	0	10	10	0	0	1
9021	魔晶矿脉	0	1	0	0	1	0	0	0	1	60	19	0	0	0	1000	0	2	0	0	0	10	10	0	0	0
9022	斗牛节	0	1	0	0	1	0	0	0	1	60	22	0	0	0	1000	0	2	0	0	0	10	10	0	0	1
9023	藏宝室	0	1	0	0	1	0	0	0	1	60	26	0	0	600000007_2000	0	0	2	0	0	0	10	10	0	0	1
9024	挑战首领	0	1	0	0	1	0	0	0	1	60	15	0	0	0	1000	0	2	0	0	0	10	10	0	0	0
