1	1	1	1	1	20
2	1	1	1	2	21
3	1	1	1	3	23
4	1	1	1	4	24
5	1	1	1	5	26
6	1	1	1	6	28
7	1	1	1	7	30
8	1	1	1	8	32
9	1	1	1	9	34
10	1	1	1	10	36
11	1	1	1	11	39
12	1	1	1	12	41
13	1	1	1	13	43
14	1	1	1	14	46
15	1	1	1	15	49
16	1	1	1	16	51
17	1	1	1	17	54
18	1	1	1	18	57
19	1	1	1	19	61
20	1	1	1	20	65
21	1	1	1	21	68
22	1	1	1	22	72
23	1	1	1	23	77
24	1	1	1	24	81
25	1	1	1	25	86
26	1	1	1	26	91
27	1	1	1	27	97
28	1	1	1	28	102
29	1	1	1	29	109
30	1	1	1	30	115
31	1	1	1	31	122
32	1	1	1	32	129
33	1	1	1	33	137
34	1	1	1	34	145
35	1	1	1	35	154
36	1	1	1	36	163
37	1	1	1	37	173
38	1	1	1	38	184
39	1	1	1	39	195
40	1	1	1	40	206
41	1	1	1	41	219
42	1	1	1	42	232
43	1	1	1	43	246
44	1	1	1	44	261
45	1	1	1	45	277
46	1	1	1	46	293
47	1	1	1	47	311
48	1	1	1	48	329
49	1	1	1	49	349
50	1	1	1	50	370
51	1	1	1	51	392
52	1	1	1	52	416
53	1	1	1	53	441
54	1	1	1	54	467
55	1	1	1	55	495
56	1	1	1	56	525
57	1	1	1	57	557
58	1	1	1	58	590
59	1	1	1	59	626
60	1	1	1	60	663
61	1	1	1	61	700
62	1	1	1	62	737
63	1	1	1	63	774
64	1	1	1	64	811
65	1	1	1	65	848
66	1	1	1	66	885
67	1	1	1	67	922
68	1	1	1	68	959
69	1	1	1	69	996
70	1	1	1	70	1033
71	1	1	1	71	1070
72	1	1	1	72	1107
73	1	1	1	73	1144
74	1	1	1	74	1181
75	1	1	1	75	1218
76	1	1	1	76	1255
77	1	1	1	77	1292
78	1	1	1	78	1329
79	1	1	1	79	1366
80	1	1	1	80	1403
81	1	1	1	81	1440
82	1	1	1	82	1477
83	1	1	1	83	1514
84	1	1	1	84	1551
85	1	1	1	85	1588
86	1	1	1	86	1625
87	1	1	1	87	1662
88	1	1	1	88	1699
89	1	1	1	89	1736
90	1	1	1	90	1773
91	1	1	1	91	1810
92	1	1	1	92	1847
93	1	1	1	93	1884
94	1	1	1	94	1921
95	1	1	1	95	1958
96	1	1	1	96	1995
97	1	1	1	97	2032
98	1	1	1	98	2069
99	1	1	1	99	2106
100	1	1	1	100	2143
101	1	2	1	1	40
102	1	2	1	2	42
103	1	2	1	3	46
104	1	2	1	4	48
105	1	2	1	5	52
106	1	2	1	6	56
107	1	2	1	7	60
108	1	2	1	8	64
109	1	2	1	9	68
110	1	2	1	10	72
111	1	2	1	11	78
112	1	2	1	12	82
113	1	2	1	13	86
114	1	2	1	14	92
115	1	2	1	15	98
116	1	2	1	16	102
117	1	2	1	17	108
118	1	2	1	18	114
119	1	2	1	19	122
120	1	2	1	20	130
121	1	2	1	21	136
122	1	2	1	22	144
123	1	2	1	23	154
124	1	2	1	24	162
125	1	2	1	25	172
126	1	2	1	26	182
127	1	2	1	27	194
128	1	2	1	28	204
129	1	2	1	29	218
130	1	2	1	30	230
131	1	2	1	31	244
132	1	2	1	32	258
133	1	2	1	33	274
134	1	2	1	34	290
135	1	2	1	35	308
136	1	2	1	36	326
137	1	2	1	37	346
138	1	2	1	38	368
139	1	2	1	39	390
140	1	2	1	40	412
141	1	2	1	41	438
142	1	2	1	42	464
143	1	2	1	43	492
144	1	2	1	44	522
145	1	2	1	45	554
146	1	2	1	46	586
147	1	2	1	47	622
148	1	2	1	48	658
149	1	2	1	49	698
150	1	2	1	50	740
151	1	2	1	51	784
152	1	2	1	52	832
153	1	2	1	53	882
154	1	2	1	54	934
155	1	2	1	55	990
156	1	2	1	56	1050
157	1	2	1	57	1114
158	1	2	1	58	1180
159	1	2	1	59	1252
160	1	2	1	60	1326
161	1	2	1	61	1400
162	1	2	1	62	1474
163	1	2	1	63	1548
164	1	2	1	64	1622
165	1	2	1	65	1696
166	1	2	1	66	1770
167	1	2	1	67	1844
168	1	2	1	68	1918
169	1	2	1	69	1992
170	1	2	1	70	2066
171	1	2	1	71	2140
172	1	2	1	72	2214
173	1	2	1	73	2288
174	1	2	1	74	2362
175	1	2	1	75	2436
176	1	2	1	76	2510
177	1	2	1	77	2584
178	1	2	1	78	2658
179	1	2	1	79	2732
180	1	2	1	80	2806
181	1	2	1	81	2880
182	1	2	1	82	2954
183	1	2	1	83	3028
184	1	2	1	84	3102
185	1	2	1	85	3176
186	1	2	1	86	3250
187	1	2	1	87	3324
188	1	2	1	88	3398
189	1	2	1	89	3472
190	1	2	1	90	3546
191	1	2	1	91	3620
192	1	2	1	92	3694
193	1	2	1	93	3768
194	1	2	1	94	3842
195	1	2	1	95	3916
196	1	2	1	96	3990
197	1	2	1	97	4064
198	1	2	1	98	4138
199	1	2	1	99	4212
200	1	2	1	100	4286
201	1	3	1	1	100
202	1	3	1	2	105
203	1	3	1	3	115
204	1	3	1	4	120
205	1	3	1	5	130
206	1	3	1	6	140
207	1	3	1	7	150
208	1	3	1	8	160
209	1	3	1	9	170
210	1	3	1	10	180
211	1	3	1	11	195
212	1	3	1	12	205
213	1	3	1	13	215
214	1	3	1	14	230
215	1	3	1	15	245
216	1	3	1	16	255
217	1	3	1	17	270
218	1	3	1	18	285
219	1	3	1	19	305
220	1	3	1	20	325
221	1	3	1	21	340
222	1	3	1	22	360
223	1	3	1	23	385
224	1	3	1	24	405
225	1	3	1	25	430
226	1	3	1	26	455
227	1	3	1	27	485
228	1	3	1	28	510
229	1	3	1	29	545
230	1	3	1	30	575
231	1	3	1	31	610
232	1	3	1	32	645
233	1	3	1	33	685
234	1	3	1	34	725
235	1	3	1	35	770
236	1	3	1	36	815
237	1	3	1	37	865
238	1	3	1	38	920
239	1	3	1	39	975
240	1	3	1	40	1030
241	1	3	1	41	1095
242	1	3	1	42	1160
243	1	3	1	43	1230
244	1	3	1	44	1305
245	1	3	1	45	1385
246	1	3	1	46	1465
247	1	3	1	47	1555
248	1	3	1	48	1645
249	1	3	1	49	1745
250	1	3	1	50	1850
251	1	3	1	51	1960
252	1	3	1	52	2080
253	1	3	1	53	2205
254	1	3	1	54	2335
255	1	3	1	55	2475
256	1	3	1	56	2625
257	1	3	1	57	2785
258	1	3	1	58	2950
259	1	3	1	59	3130
260	1	3	1	60	3315
261	1	3	1	61	3500
262	1	3	1	62	3685
263	1	3	1	63	3870
264	1	3	1	64	4055
265	1	3	1	65	4240
266	1	3	1	66	4425
267	1	3	1	67	4610
268	1	3	1	68	4795
269	1	3	1	69	4980
270	1	3	1	70	5165
271	1	3	1	71	5350
272	1	3	1	72	5535
273	1	3	1	73	5720
274	1	3	1	74	5905
275	1	3	1	75	6090
276	1	3	1	76	6275
277	1	3	1	77	6460
278	1	3	1	78	6645
279	1	3	1	79	6830
280	1	3	1	80	7015
281	1	3	1	81	7200
282	1	3	1	82	7385
283	1	3	1	83	7570
284	1	3	1	84	7755
285	1	3	1	85	7940
286	1	3	1	86	8125
287	1	3	1	87	8310
288	1	3	1	88	8495
289	1	3	1	89	8680
290	1	3	1	90	8865
291	1	3	1	91	9050
292	1	3	1	92	9235
293	1	3	1	93	9420
294	1	3	1	94	9605
295	1	3	1	95	9790
296	1	3	1	96	9975
297	1	3	1	97	10160
298	1	3	1	98	10345
299	1	3	1	99	10530
300	1	3	1	100	10715
301	2	1	1	1	22
302	2	1	1	2	23
303	2	1	1	3	25
304	2	1	1	4	26
305	2	1	1	5	29
306	2	1	1	6	31
307	2	1	1	7	33
308	2	1	1	8	35
309	2	1	1	9	37
310	2	1	1	10	40
311	2	1	1	11	43
312	2	1	1	12	45
313	2	1	1	13	47
314	2	1	1	14	51
315	2	1	1	15	54
316	2	1	1	16	56
317	2	1	1	17	59
318	2	1	1	18	63
319	2	1	1	19	67
320	2	1	1	20	72
321	2	1	1	21	75
322	2	1	1	22	79
323	2	1	1	23	85
324	2	1	1	24	89
325	2	1	1	25	95
326	2	1	1	26	100
327	2	1	1	27	107
328	2	1	1	28	112
329	2	1	1	29	120
330	2	1	1	30	127
331	2	1	1	31	134
332	2	1	1	32	142
333	2	1	1	33	151
334	2	1	1	34	160
335	2	1	1	35	169
336	2	1	1	36	179
337	2	1	1	37	190
338	2	1	1	38	202
339	2	1	1	39	215
340	2	1	1	40	227
341	2	1	1	41	241
342	2	1	1	42	255
343	2	1	1	43	271
344	2	1	1	44	287
345	2	1	1	45	305
346	2	1	1	46	322
347	2	1	1	47	342
348	2	1	1	48	362
349	2	1	1	49	384
350	2	1	1	50	407
351	2	1	1	51	431
352	2	1	1	52	458
353	2	1	1	53	485
354	2	1	1	54	514
355	2	1	1	55	545
356	2	1	1	56	578
357	2	1	1	57	613
358	2	1	1	58	649
359	2	1	1	59	689
360	2	1	1	60	729
361	2	1	1	61	770
362	2	1	1	62	811
363	2	1	1	63	851
364	2	1	1	64	892
365	2	1	1	65	933
366	2	1	1	66	974
367	2	1	1	67	1014
368	2	1	1	68	1055
369	2	1	1	69	1096
370	2	1	1	70	1136
371	2	1	1	71	1177
372	2	1	1	72	1218
373	2	1	1	73	1258
374	2	1	1	74	1299
375	2	1	1	75	1340
376	2	1	1	76	1381
377	2	1	1	77	1421
378	2	1	1	78	1462
379	2	1	1	79	1503
380	2	1	1	80	1543
381	2	1	1	81	1584
382	2	1	1	82	1625
383	2	1	1	83	1665
384	2	1	1	84	1706
385	2	1	1	85	1747
386	2	1	1	86	1788
387	2	1	1	87	1828
388	2	1	1	88	1869
389	2	1	1	89	1910
390	2	1	1	90	1950
391	2	1	1	91	1991
392	2	1	1	92	2032
393	2	1	1	93	2072
394	2	1	1	94	2113
395	2	1	1	95	2154
396	2	1	1	96	2195
397	2	1	1	97	2235
398	2	1	1	98	2276
399	2	1	1	99	2317
400	2	1	1	100	2357
401	2	2	1	1	44
402	2	2	1	2	46
403	2	2	1	3	51
404	2	2	1	4	53
405	2	2	1	5	57
406	2	2	1	6	62
407	2	2	1	7	66
408	2	2	1	8	70
409	2	2	1	9	75
410	2	2	1	10	79
411	2	2	1	11	86
412	2	2	1	12	90
413	2	2	1	13	95
414	2	2	1	14	101
415	2	2	1	15	108
416	2	2	1	16	112
417	2	2	1	17	119
418	2	2	1	18	125
419	2	2	1	19	134
420	2	2	1	20	143
421	2	2	1	21	150
422	2	2	1	22	158
423	2	2	1	23	169
424	2	2	1	24	178
425	2	2	1	25	189
426	2	2	1	26	200
427	2	2	1	27	213
428	2	2	1	28	224
429	2	2	1	29	240
430	2	2	1	30	253
431	2	2	1	31	268
432	2	2	1	32	284
433	2	2	1	33	301
434	2	2	1	34	319
435	2	2	1	35	339
436	2	2	1	36	359
437	2	2	1	37	381
438	2	2	1	38	405
439	2	2	1	39	429
440	2	2	1	40	453
441	2	2	1	41	482
442	2	2	1	42	510
443	2	2	1	43	541
444	2	2	1	44	574
445	2	2	1	45	609
446	2	2	1	46	645
447	2	2	1	47	684
448	2	2	1	48	724
449	2	2	1	49	768
450	2	2	1	50	814
451	2	2	1	51	862
452	2	2	1	52	915
453	2	2	1	53	970
454	2	2	1	54	1027
455	2	2	1	55	1089
456	2	2	1	56	1155
457	2	2	1	57	1225
458	2	2	1	58	1298
459	2	2	1	59	1377
460	2	2	1	60	1459
461	2	2	1	61	1540
462	2	2	1	62	1621
463	2	2	1	63	1703
464	2	2	1	64	1784
465	2	2	1	65	1866
466	2	2	1	66	1947
467	2	2	1	67	2028
468	2	2	1	68	2110
469	2	2	1	69	2191
470	2	2	1	70	2273
471	2	2	1	71	2354
472	2	2	1	72	2435
473	2	2	1	73	2517
474	2	2	1	74	2598
475	2	2	1	75	2680
476	2	2	1	76	2761
477	2	2	1	77	2842
478	2	2	1	78	2924
479	2	2	1	79	3005
480	2	2	1	80	3087
481	2	2	1	81	3168
482	2	2	1	82	3249
483	2	2	1	83	3331
484	2	2	1	84	3412
485	2	2	1	85	3494
486	2	2	1	86	3575
487	2	2	1	87	3656
488	2	2	1	88	3738
489	2	2	1	89	3819
490	2	2	1	90	3901
491	2	2	1	91	3982
492	2	2	1	92	4063
493	2	2	1	93	4145
494	2	2	1	94	4226
495	2	2	1	95	4308
496	2	2	1	96	4389
497	2	2	1	97	4470
498	2	2	1	98	4552
499	2	2	1	99	4633
500	2	2	1	100	4715
501	2	3	1	1	110
502	2	3	1	2	116
503	2	3	1	3	127
504	2	3	1	4	132
505	2	3	1	5	143
506	2	3	1	6	154
507	2	3	1	7	165
508	2	3	1	8	176
509	2	3	1	9	187
510	2	3	1	10	198
511	2	3	1	11	215
512	2	3	1	12	226
513	2	3	1	13	237
514	2	3	1	14	253
515	2	3	1	15	270
516	2	3	1	16	281
517	2	3	1	17	297
518	2	3	1	18	314
519	2	3	1	19	336
520	2	3	1	20	358
521	2	3	1	21	374
522	2	3	1	22	396
523	2	3	1	23	424
524	2	3	1	24	446
525	2	3	1	25	473
526	2	3	1	26	501
527	2	3	1	27	534
528	2	3	1	28	561
529	2	3	1	29	600
530	2	3	1	30	633
531	2	3	1	31	671
532	2	3	1	32	710
533	2	3	1	33	754
534	2	3	1	34	798
535	2	3	1	35	847
536	2	3	1	36	897
537	2	3	1	37	952
538	2	3	1	38	1012
539	2	3	1	39	1073
540	2	3	1	40	1133
541	2	3	1	41	1205
542	2	3	1	42	1276
543	2	3	1	43	1353
544	2	3	1	44	1436
545	2	3	1	45	1524
546	2	3	1	46	1612
547	2	3	1	47	1711
548	2	3	1	48	1810
549	2	3	1	49	1920
550	2	3	1	50	2035
551	2	3	1	51	2156
552	2	3	1	52	2288
553	2	3	1	53	2426
554	2	3	1	54	2569
555	2	3	1	55	2723
556	2	3	1	56	2888
557	2	3	1	57	3064
558	2	3	1	58	3245
559	2	3	1	59	3443
560	2	3	1	60	3647
561	2	3	1	61	3850
562	2	3	1	62	4054
563	2	3	1	63	4257
564	2	3	1	64	4461
565	2	3	1	65	4664
566	2	3	1	66	4868
567	2	3	1	67	5071
568	2	3	1	68	5275
569	2	3	1	69	5478
570	2	3	1	70	5682
571	2	3	1	71	5885
572	2	3	1	72	6089
573	2	3	1	73	6292
574	2	3	1	74	6496
575	2	3	1	75	6699
576	2	3	1	76	6903
577	2	3	1	77	7106
578	2	3	1	78	7310
579	2	3	1	79	7513
580	2	3	1	80	7717
581	2	3	1	81	7920
582	2	3	1	82	8124
583	2	3	1	83	8327
584	2	3	1	84	8531
585	2	3	1	85	8734
586	2	3	1	86	8938
587	2	3	1	87	9141
588	2	3	1	88	9345
589	2	3	1	89	9548
590	2	3	1	90	9752
591	2	3	1	91	9955
592	2	3	1	92	10159
593	2	3	1	93	10362
594	2	3	1	94	10566
595	2	3	1	95	10769
596	2	3	1	96	10973
597	2	3	1	97	11176
598	2	3	1	98	11380
599	2	3	1	99	11583
600	2	3	1	100	11787
601	3	1	1	1	24
602	3	1	1	2	25
603	3	1	1	3	28
604	3	1	1	4	29
605	3	1	1	5	31
606	3	1	1	6	34
607	3	1	1	7	36
608	3	1	1	8	38
609	3	1	1	9	41
610	3	1	1	10	43
611	3	1	1	11	47
612	3	1	1	12	49
613	3	1	1	13	52
614	3	1	1	14	55
615	3	1	1	15	59
616	3	1	1	16	61
617	3	1	1	17	65
618	3	1	1	18	68
619	3	1	1	19	73
620	3	1	1	20	78
621	3	1	1	21	82
622	3	1	1	22	86
623	3	1	1	23	92
624	3	1	1	24	97
625	3	1	1	25	103
626	3	1	1	26	109
627	3	1	1	27	116
628	3	1	1	28	122
629	3	1	1	29	131
630	3	1	1	30	138
631	3	1	1	31	146
632	3	1	1	32	155
633	3	1	1	33	164
634	3	1	1	34	174
635	3	1	1	35	185
636	3	1	1	36	196
637	3	1	1	37	208
638	3	1	1	38	221
639	3	1	1	39	234
640	3	1	1	40	247
641	3	1	1	41	263
642	3	1	1	42	278
643	3	1	1	43	295
644	3	1	1	44	313
645	3	1	1	45	332
646	3	1	1	46	352
647	3	1	1	47	373
648	3	1	1	48	395
649	3	1	1	49	419
650	3	1	1	50	444
651	3	1	1	51	470
652	3	1	1	52	499
653	3	1	1	53	529
654	3	1	1	54	560
655	3	1	1	55	594
656	3	1	1	56	630
657	3	1	1	57	668
658	3	1	1	58	708
659	3	1	1	59	751
660	3	1	1	60	796
661	3	1	1	61	840
662	3	1	1	62	884
663	3	1	1	63	929
664	3	1	1	64	973
665	3	1	1	65	1018
666	3	1	1	66	1062
667	3	1	1	67	1106
668	3	1	1	68	1151
669	3	1	1	69	1195
670	3	1	1	70	1240
671	3	1	1	71	1284
672	3	1	1	72	1328
673	3	1	1	73	1373
674	3	1	1	74	1417
675	3	1	1	75	1462
676	3	1	1	76	1506
677	3	1	1	77	1550
678	3	1	1	78	1595
679	3	1	1	79	1639
680	3	1	1	80	1684
681	3	1	1	81	1728
682	3	1	1	82	1772
683	3	1	1	83	1817
684	3	1	1	84	1861
685	3	1	1	85	1906
686	3	1	1	86	1950
687	3	1	1	87	1994
688	3	1	1	88	2039
689	3	1	1	89	2083
690	3	1	1	90	2128
691	3	1	1	91	2172
692	3	1	1	92	2216
693	3	1	1	93	2261
694	3	1	1	94	2305
695	3	1	1	95	2350
696	3	1	1	96	2394
697	3	1	1	97	2438
698	3	1	1	98	2483
699	3	1	1	99	2527
700	3	1	1	100	2572
701	3	2	1	1	48
702	3	2	1	2	50
703	3	2	1	3	55
704	3	2	1	4	58
705	3	2	1	5	62
706	3	2	1	6	67
707	3	2	1	7	72
708	3	2	1	8	77
709	3	2	1	9	82
710	3	2	1	10	86
711	3	2	1	11	94
712	3	2	1	12	98
713	3	2	1	13	103
714	3	2	1	14	110
715	3	2	1	15	118
716	3	2	1	16	122
717	3	2	1	17	130
718	3	2	1	18	137
719	3	2	1	19	146
720	3	2	1	20	156
721	3	2	1	21	163
722	3	2	1	22	173
723	3	2	1	23	185
724	3	2	1	24	194
725	3	2	1	25	206
726	3	2	1	26	218
727	3	2	1	27	233
728	3	2	1	28	245
729	3	2	1	29	262
730	3	2	1	30	276
731	3	2	1	31	293
732	3	2	1	32	310
733	3	2	1	33	329
734	3	2	1	34	348
735	3	2	1	35	370
736	3	2	1	36	391
737	3	2	1	37	415
738	3	2	1	38	442
739	3	2	1	39	468
740	3	2	1	40	494
741	3	2	1	41	526
742	3	2	1	42	557
743	3	2	1	43	590
744	3	2	1	44	626
745	3	2	1	45	665
746	3	2	1	46	703
747	3	2	1	47	746
748	3	2	1	48	790
749	3	2	1	49	838
750	3	2	1	50	888
751	3	2	1	51	941
752	3	2	1	52	998
753	3	2	1	53	1058
754	3	2	1	54	1121
755	3	2	1	55	1188
756	3	2	1	56	1260
757	3	2	1	57	1337
758	3	2	1	58	1416
759	3	2	1	59	1502
760	3	2	1	60	1591
761	3	2	1	61	1680
762	3	2	1	62	1769
763	3	2	1	63	1858
764	3	2	1	64	1946
765	3	2	1	65	2035
766	3	2	1	66	2124
767	3	2	1	67	2213
768	3	2	1	68	2302
769	3	2	1	69	2390
770	3	2	1	70	2479
771	3	2	1	71	2568
772	3	2	1	72	2657
773	3	2	1	73	2746
774	3	2	1	74	2834
775	3	2	1	75	2923
776	3	2	1	76	3012
777	3	2	1	77	3101
778	3	2	1	78	3190
779	3	2	1	79	3278
780	3	2	1	80	3367
781	3	2	1	81	3456
782	3	2	1	82	3545
783	3	2	1	83	3634
784	3	2	1	84	3722
785	3	2	1	85	3811
786	3	2	1	86	3900
787	3	2	1	87	3989
788	3	2	1	88	4078
789	3	2	1	89	4166
790	3	2	1	90	4255
791	3	2	1	91	4344
792	3	2	1	92	4433
793	3	2	1	93	4522
794	3	2	1	94	4610
795	3	2	1	95	4699
796	3	2	1	96	4788
797	3	2	1	97	4877
798	3	2	1	98	4966
799	3	2	1	99	5054
800	3	2	1	100	5143
801	3	3	1	1	120
802	3	3	1	2	126
803	3	3	1	3	138
804	3	3	1	4	144
805	3	3	1	5	156
806	3	3	1	6	168
807	3	3	1	7	180
808	3	3	1	8	192
809	3	3	1	9	204
810	3	3	1	10	216
811	3	3	1	11	234
812	3	3	1	12	246
813	3	3	1	13	258
814	3	3	1	14	276
815	3	3	1	15	294
816	3	3	1	16	306
817	3	3	1	17	324
818	3	3	1	18	342
819	3	3	1	19	366
820	3	3	1	20	390
821	3	3	1	21	408
822	3	3	1	22	432
823	3	3	1	23	462
824	3	3	1	24	486
825	3	3	1	25	516
826	3	3	1	26	546
827	3	3	1	27	582
828	3	3	1	28	612
829	3	3	1	29	654
830	3	3	1	30	690
831	3	3	1	31	732
832	3	3	1	32	774
833	3	3	1	33	822
834	3	3	1	34	870
835	3	3	1	35	924
836	3	3	1	36	978
837	3	3	1	37	1038
838	3	3	1	38	1104
839	3	3	1	39	1170
840	3	3	1	40	1236
841	3	3	1	41	1314
842	3	3	1	42	1392
843	3	3	1	43	1476
844	3	3	1	44	1566
845	3	3	1	45	1662
846	3	3	1	46	1758
847	3	3	1	47	1866
848	3	3	1	48	1974
849	3	3	1	49	2094
850	3	3	1	50	2220
851	3	3	1	51	2352
852	3	3	1	52	2496
853	3	3	1	53	2646
854	3	3	1	54	2802
855	3	3	1	55	2970
856	3	3	1	56	3150
857	3	3	1	57	3342
858	3	3	1	58	3540
859	3	3	1	59	3756
860	3	3	1	60	3978
861	3	3	1	61	4200
862	3	3	1	62	4422
863	3	3	1	63	4644
864	3	3	1	64	4866
865	3	3	1	65	5088
866	3	3	1	66	5310
867	3	3	1	67	5532
868	3	3	1	68	5754
869	3	3	1	69	5976
870	3	3	1	70	6198
871	3	3	1	71	6420
872	3	3	1	72	6642
873	3	3	1	73	6864
874	3	3	1	74	7086
875	3	3	1	75	7308
876	3	3	1	76	7530
877	3	3	1	77	7752
878	3	3	1	78	7974
879	3	3	1	79	8196
880	3	3	1	80	8418
881	3	3	1	81	8640
882	3	3	1	82	8862
883	3	3	1	83	9084
884	3	3	1	84	9306
885	3	3	1	85	9528
886	3	3	1	86	9750
887	3	3	1	87	9972
888	3	3	1	88	10194
889	3	3	1	89	10416
890	3	3	1	90	10638
891	3	3	1	91	10860
892	3	3	1	92	11082
893	3	3	1	93	11304
894	3	3	1	94	11526
895	3	3	1	95	11748
896	3	3	1	96	11970
897	3	3	1	97	12192
898	3	3	1	98	12414
899	3	3	1	99	12636
900	3	3	1	100	12858
901	4	1	1	1	26
902	4	1	1	2	27
903	4	1	1	3	30
904	4	1	1	4	31
905	4	1	1	5	34
906	4	1	1	6	36
907	4	1	1	7	39
908	4	1	1	8	42
909	4	1	1	9	44
910	4	1	1	10	47
911	4	1	1	11	51
912	4	1	1	12	53
913	4	1	1	13	56
914	4	1	1	14	60
915	4	1	1	15	64
916	4	1	1	16	66
917	4	1	1	17	70
918	4	1	1	18	74
919	4	1	1	19	79
920	4	1	1	20	85
921	4	1	1	21	88
922	4	1	1	22	94
923	4	1	1	23	100
924	4	1	1	24	105
925	4	1	1	25	112
926	4	1	1	26	118
927	4	1	1	27	126
928	4	1	1	28	133
929	4	1	1	29	142
930	4	1	1	30	150
931	4	1	1	31	159
932	4	1	1	32	168
933	4	1	1	33	178
934	4	1	1	34	189
935	4	1	1	35	200
936	4	1	1	36	212
937	4	1	1	37	225
938	4	1	1	38	239
939	4	1	1	39	254
940	4	1	1	40	268
941	4	1	1	41	285
942	4	1	1	42	302
943	4	1	1	43	320
944	4	1	1	44	339
945	4	1	1	45	360
946	4	1	1	46	381
947	4	1	1	47	404
948	4	1	1	48	428
949	4	1	1	49	454
950	4	1	1	50	481
951	4	1	1	51	510
952	4	1	1	52	541
953	4	1	1	53	573
954	4	1	1	54	607
955	4	1	1	55	644
956	4	1	1	56	683
957	4	1	1	57	724
958	4	1	1	58	767
959	4	1	1	59	814
960	4	1	1	60	862
961	4	1	1	61	910
962	4	1	1	62	958
963	4	1	1	63	1006
964	4	1	1	64	1054
965	4	1	1	65	1102
966	4	1	1	66	1151
967	4	1	1	67	1199
968	4	1	1	68	1247
969	4	1	1	69	1295
970	4	1	1	70	1343
971	4	1	1	71	1391
972	4	1	1	72	1439
973	4	1	1	73	1487
974	4	1	1	74	1535
975	4	1	1	75	1583
976	4	1	1	76	1632
977	4	1	1	77	1680
978	4	1	1	78	1728
979	4	1	1	79	1776
980	4	1	1	80	1824
981	4	1	1	81	1872
982	4	1	1	82	1920
983	4	1	1	83	1968
984	4	1	1	84	2016
985	4	1	1	85	2064
986	4	1	1	86	2113
987	4	1	1	87	2161
988	4	1	1	88	2209
989	4	1	1	89	2257
990	4	1	1	90	2305
991	4	1	1	91	2353
992	4	1	1	92	2401
993	4	1	1	93	2449
994	4	1	1	94	2497
995	4	1	1	95	2545
996	4	1	1	96	2594
997	4	1	1	97	2642
998	4	1	1	98	2690
999	4	1	1	99	2738
1000	4	1	1	100	2786
1001	4	2	1	1	52
1002	4	2	1	2	55
1003	4	2	1	3	60
1004	4	2	1	4	62
1005	4	2	1	5	68
1006	4	2	1	6	73
1007	4	2	1	7	78
1008	4	2	1	8	83
1009	4	2	1	9	88
1010	4	2	1	10	94
1011	4	2	1	11	101
1012	4	2	1	12	107
1013	4	2	1	13	112
1014	4	2	1	14	120
1015	4	2	1	15	127
1016	4	2	1	16	133
1017	4	2	1	17	140
1018	4	2	1	18	148
1019	4	2	1	19	159
1020	4	2	1	20	169
1021	4	2	1	21	177
1022	4	2	1	22	187
1023	4	2	1	23	200
1024	4	2	1	24	211
1025	4	2	1	25	224
1026	4	2	1	26	237
1027	4	2	1	27	252
1028	4	2	1	28	265
1029	4	2	1	29	283
1030	4	2	1	30	299
1031	4	2	1	31	317
1032	4	2	1	32	335
1033	4	2	1	33	356
1034	4	2	1	34	377
1035	4	2	1	35	400
1036	4	2	1	36	424
1037	4	2	1	37	450
1038	4	2	1	38	478
1039	4	2	1	39	507
1040	4	2	1	40	536
1041	4	2	1	41	569
1042	4	2	1	42	603
1043	4	2	1	43	640
1044	4	2	1	44	679
1045	4	2	1	45	720
1046	4	2	1	46	762
1047	4	2	1	47	809
1048	4	2	1	48	855
1049	4	2	1	49	907
1050	4	2	1	50	962
1051	4	2	1	51	1019
1052	4	2	1	52	1082
1053	4	2	1	53	1147
1054	4	2	1	54	1214
1055	4	2	1	55	1287
1056	4	2	1	56	1365
1057	4	2	1	57	1448
1058	4	2	1	58	1534
1059	4	2	1	59	1628
1060	4	2	1	60	1724
1061	4	2	1	61	1820
1062	4	2	1	62	1916
1063	4	2	1	63	2012
1064	4	2	1	64	2109
1065	4	2	1	65	2205
1066	4	2	1	66	2301
1067	4	2	1	67	2397
1068	4	2	1	68	2493
1069	4	2	1	69	2590
1070	4	2	1	70	2686
1071	4	2	1	71	2782
1072	4	2	1	72	2878
1073	4	2	1	73	2974
1074	4	2	1	74	3071
1075	4	2	1	75	3167
1076	4	2	1	76	3263
1077	4	2	1	77	3359
1078	4	2	1	78	3455
1079	4	2	1	79	3552
1080	4	2	1	80	3648
1081	4	2	1	81	3744
1082	4	2	1	82	3840
1083	4	2	1	83	3936
1084	4	2	1	84	4033
1085	4	2	1	85	4129
1086	4	2	1	86	4225
1087	4	2	1	87	4321
1088	4	2	1	88	4417
1089	4	2	1	89	4514
1090	4	2	1	90	4610
1091	4	2	1	91	4706
1092	4	2	1	92	4802
1093	4	2	1	93	4898
1094	4	2	1	94	4995
1095	4	2	1	95	5091
1096	4	2	1	96	5187
1097	4	2	1	97	5283
1098	4	2	1	98	5379
1099	4	2	1	99	5476
1100	4	2	1	100	5572
1101	4	3	1	1	130
1102	4	3	1	2	137
1103	4	3	1	3	150
1104	4	3	1	4	156
1105	4	3	1	5	169
1106	4	3	1	6	182
1107	4	3	1	7	195
1108	4	3	1	8	208
1109	4	3	1	9	221
1110	4	3	1	10	234
1111	4	3	1	11	254
1112	4	3	1	12	267
1113	4	3	1	13	280
1114	4	3	1	14	299
1115	4	3	1	15	319
1116	4	3	1	16	332
1117	4	3	1	17	351
1118	4	3	1	18	371
1119	4	3	1	19	397
1120	4	3	1	20	423
1121	4	3	1	21	442
1122	4	3	1	22	468
1123	4	3	1	23	501
1124	4	3	1	24	527
1125	4	3	1	25	559
1126	4	3	1	26	592
1127	4	3	1	27	631
1128	4	3	1	28	663
1129	4	3	1	29	709
1130	4	3	1	30	748
1131	4	3	1	31	793
1132	4	3	1	32	839
1133	4	3	1	33	891
1134	4	3	1	34	943
1135	4	3	1	35	1001
1136	4	3	1	36	1060
1137	4	3	1	37	1125
1138	4	3	1	38	1196
1139	4	3	1	39	1268
1140	4	3	1	40	1339
1141	4	3	1	41	1424
1142	4	3	1	42	1508
1143	4	3	1	43	1599
1144	4	3	1	44	1697
1145	4	3	1	45	1801
1146	4	3	1	46	1905
1147	4	3	1	47	2022
1148	4	3	1	48	2139
1149	4	3	1	49	2269
1150	4	3	1	50	2405
1151	4	3	1	51	2548
1152	4	3	1	52	2704
1153	4	3	1	53	2867
1154	4	3	1	54	3036
1155	4	3	1	55	3218
1156	4	3	1	56	3413
1157	4	3	1	57	3621
1158	4	3	1	58	3835
1159	4	3	1	59	4069
1160	4	3	1	60	4310
1161	4	3	1	61	4550
1162	4	3	1	62	4791
1163	4	3	1	63	5031
1164	4	3	1	64	5272
1165	4	3	1	65	5512
1166	4	3	1	66	5753
1167	4	3	1	67	5993
1168	4	3	1	68	6234
1169	4	3	1	69	6474
1170	4	3	1	70	6715
1171	4	3	1	71	6955
1172	4	3	1	72	7196
1173	4	3	1	73	7436
1174	4	3	1	74	7677
1175	4	3	1	75	7917
1176	4	3	1	76	8158
1177	4	3	1	77	8398
1178	4	3	1	78	8639
1179	4	3	1	79	8879
1180	4	3	1	80	9120
1181	4	3	1	81	9360
1182	4	3	1	82	9601
1183	4	3	1	83	9841
1184	4	3	1	84	10082
1185	4	3	1	85	10322
1186	4	3	1	86	10563
1187	4	3	1	87	10803
1188	4	3	1	88	11044
1189	4	3	1	89	11284
1190	4	3	1	90	11525
1191	4	3	1	91	11765
1192	4	3	1	92	12006
1193	4	3	1	93	12246
1194	4	3	1	94	12487
1195	4	3	1	95	12727
1196	4	3	1	96	12968
1197	4	3	1	97	13208
1198	4	3	1	98	13449
1199	4	3	1	99	13689
1200	4	3	1	100	13930
1201	1	1	3	1	26
1202	1	1	3	2	27
1203	1	1	3	3	30
1204	1	1	3	4	31
1205	1	1	3	5	34
1206	1	1	3	6	36
1207	1	1	3	7	39
1208	1	1	3	8	42
1209	1	1	3	9	44
1210	1	1	3	10	47
1211	1	1	3	11	51
1212	1	1	3	12	53
1213	1	1	3	13	56
1214	1	1	3	14	60
1215	1	1	3	15	64
1216	1	1	3	16	66
1217	1	1	3	17	70
1218	1	1	3	18	74
1219	1	1	3	19	79
1220	1	1	3	20	85
1221	1	1	3	21	88
1222	1	1	3	22	94
1223	1	1	3	23	100
1224	1	1	3	24	105
1225	1	1	3	25	112
1226	1	1	3	26	118
1227	1	1	3	27	126
1228	1	1	3	28	133
1229	1	1	3	29	142
1230	1	1	3	30	150
1231	1	1	3	31	159
1232	1	1	3	32	168
1233	1	1	3	33	178
1234	1	1	3	34	189
1235	1	1	3	35	200
1236	1	1	3	36	212
1237	1	1	3	37	225
1238	1	1	3	38	239
1239	1	1	3	39	254
1240	1	1	3	40	268
1241	1	1	3	41	285
1242	1	1	3	42	302
1243	1	1	3	43	320
1244	1	1	3	44	339
1245	1	1	3	45	360
1246	1	1	3	46	381
1247	1	1	3	47	404
1248	1	1	3	48	428
1249	1	1	3	49	454
1250	1	1	3	50	481
1251	1	1	3	51	510
1252	1	1	3	52	541
1253	1	1	3	53	573
1254	1	1	3	54	607
1255	1	1	3	55	644
1256	1	1	3	56	683
1257	1	1	3	57	724
1258	1	1	3	58	767
1259	1	1	3	59	814
1260	1	1	3	60	862
1261	1	1	3	61	910
1262	1	1	3	62	958
1263	1	1	3	63	1006
1264	1	1	3	64	1054
1265	1	1	3	65	1102
1266	1	1	3	66	1151
1267	1	1	3	67	1199
1268	1	1	3	68	1247
1269	1	1	3	69	1295
1270	1	1	3	70	1343
1271	1	1	3	71	1391
1272	1	1	3	72	1439
1273	1	1	3	73	1487
1274	1	1	3	74	1535
1275	1	1	3	75	1583
1276	1	1	3	76	1632
1277	1	1	3	77	1680
1278	1	1	3	78	1728
1279	1	1	3	79	1776
1280	1	1	3	80	1824
1281	1	1	3	81	1872
1282	1	1	3	82	1920
1283	1	1	3	83	1968
1284	1	1	3	84	2016
1285	1	1	3	85	2064
1286	1	1	3	86	2113
1287	1	1	3	87	2161
1288	1	1	3	88	2209
1289	1	1	3	89	2257
1290	1	1	3	90	2305
1291	1	1	3	91	2353
1292	1	1	3	92	2401
1293	1	1	3	93	2449
1294	1	1	3	94	2497
1295	1	1	3	95	2545
1296	1	1	3	96	2594
1297	1	1	3	97	2642
1298	1	1	3	98	2690
1299	1	1	3	99	2738
1300	1	1	3	100	2786
1301	1	2	3	1	52
1302	1	2	3	2	55
1303	1	2	3	3	60
1304	1	2	3	4	62
1305	1	2	3	5	68
1306	1	2	3	6	73
1307	1	2	3	7	78
1308	1	2	3	8	83
1309	1	2	3	9	88
1310	1	2	3	10	94
1311	1	2	3	11	101
1312	1	2	3	12	107
1313	1	2	3	13	112
1314	1	2	3	14	120
1315	1	2	3	15	127
1316	1	2	3	16	133
1317	1	2	3	17	140
1318	1	2	3	18	148
1319	1	2	3	19	159
1320	1	2	3	20	169
1321	1	2	3	21	177
1322	1	2	3	22	187
1323	1	2	3	23	200
1324	1	2	3	24	211
1325	1	2	3	25	224
1326	1	2	3	26	237
1327	1	2	3	27	252
1328	1	2	3	28	265
1329	1	2	3	29	283
1330	1	2	3	30	299
1331	1	2	3	31	317
1332	1	2	3	32	335
1333	1	2	3	33	356
1334	1	2	3	34	377
1335	1	2	3	35	400
1336	1	2	3	36	424
1337	1	2	3	37	450
1338	1	2	3	38	478
1339	1	2	3	39	507
1340	1	2	3	40	536
1341	1	2	3	41	569
1342	1	2	3	42	603
1343	1	2	3	43	640
1344	1	2	3	44	679
1345	1	2	3	45	720
1346	1	2	3	46	762
1347	1	2	3	47	809
1348	1	2	3	48	855
1349	1	2	3	49	907
1350	1	2	3	50	962
1351	1	2	3	51	1019
1352	1	2	3	52	1082
1353	1	2	3	53	1147
1354	1	2	3	54	1214
1355	1	2	3	55	1287
1356	1	2	3	56	1365
1357	1	2	3	57	1448
1358	1	2	3	58	1534
1359	1	2	3	59	1628
1360	1	2	3	60	1724
1361	1	2	3	61	1820
1362	1	2	3	62	1916
1363	1	2	3	63	2012
1364	1	2	3	64	2109
1365	1	2	3	65	2205
1366	1	2	3	66	2301
1367	1	2	3	67	2397
1368	1	2	3	68	2493
1369	1	2	3	69	2590
1370	1	2	3	70	2686
1371	1	2	3	71	2782
1372	1	2	3	72	2878
1373	1	2	3	73	2974
1374	1	2	3	74	3071
1375	1	2	3	75	3167
1376	1	2	3	76	3263
1377	1	2	3	77	3359
1378	1	2	3	78	3455
1379	1	2	3	79	3552
1380	1	2	3	80	3648
1381	1	2	3	81	3744
1382	1	2	3	82	3840
1383	1	2	3	83	3936
1384	1	2	3	84	4033
1385	1	2	3	85	4129
1386	1	2	3	86	4225
1387	1	2	3	87	4321
1388	1	2	3	88	4417
1389	1	2	3	89	4514
1390	1	2	3	90	4610
1391	1	2	3	91	4706
1392	1	2	3	92	4802
1393	1	2	3	93	4898
1394	1	2	3	94	4995
1395	1	2	3	95	5091
1396	1	2	3	96	5187
1397	1	2	3	97	5283
1398	1	2	3	98	5379
1399	1	2	3	99	5476
1400	1	2	3	100	5572
1401	1	3	3	1	130
1402	1	3	3	2	137
1403	1	3	3	3	150
1404	1	3	3	4	156
1405	1	3	3	5	169
1406	1	3	3	6	182
1407	1	3	3	7	195
1408	1	3	3	8	208
1409	1	3	3	9	221
1410	1	3	3	10	234
1411	1	3	3	11	254
1412	1	3	3	12	267
1413	1	3	3	13	280
1414	1	3	3	14	299
1415	1	3	3	15	319
1416	1	3	3	16	332
1417	1	3	3	17	351
1418	1	3	3	18	371
1419	1	3	3	19	397
1420	1	3	3	20	423
1421	1	3	3	21	442
1422	1	3	3	22	468
1423	1	3	3	23	501
1424	1	3	3	24	527
1425	1	3	3	25	559
1426	1	3	3	26	592
1427	1	3	3	27	631
1428	1	3	3	28	663
1429	1	3	3	29	709
1430	1	3	3	30	748
1431	1	3	3	31	793
1432	1	3	3	32	839
1433	1	3	3	33	891
1434	1	3	3	34	943
1435	1	3	3	35	1001
1436	1	3	3	36	1060
1437	1	3	3	37	1125
1438	1	3	3	38	1196
1439	1	3	3	39	1268
1440	1	3	3	40	1339
1441	1	3	3	41	1424
1442	1	3	3	42	1508
1443	1	3	3	43	1599
1444	1	3	3	44	1697
1445	1	3	3	45	1801
1446	1	3	3	46	1905
1447	1	3	3	47	2022
1448	1	3	3	48	2139
1449	1	3	3	49	2269
1450	1	3	3	50	2405
1451	1	3	3	51	2548
1452	1	3	3	52	2704
1453	1	3	3	53	2867
1454	1	3	3	54	3036
1455	1	3	3	55	3218
1456	1	3	3	56	3413
1457	1	3	3	57	3621
1458	1	3	3	58	3835
1459	1	3	3	59	4069
1460	1	3	3	60	4310
1461	1	3	3	61	4550
1462	1	3	3	62	4791
1463	1	3	3	63	5031
1464	1	3	3	64	5272
1465	1	3	3	65	5512
1466	1	3	3	66	5753
1467	1	3	3	67	5993
1468	1	3	3	68	6234
1469	1	3	3	69	6474
1470	1	3	3	70	6715
1471	1	3	3	71	6955
1472	1	3	3	72	7196
1473	1	3	3	73	7436
1474	1	3	3	74	7677
1475	1	3	3	75	7917
1476	1	3	3	76	8158
1477	1	3	3	77	8398
1478	1	3	3	78	8639
1479	1	3	3	79	8879
1480	1	3	3	80	9120
1481	1	3	3	81	9360
1482	1	3	3	82	9601
1483	1	3	3	83	9841
1484	1	3	3	84	10082
1485	1	3	3	85	10322
1486	1	3	3	86	10563
1487	1	3	3	87	10803
1488	1	3	3	88	11044
1489	1	3	3	89	11284
1490	1	3	3	90	11525
1491	1	3	3	91	11765
1492	1	3	3	92	12006
1493	1	3	3	93	12246
1494	1	3	3	94	12487
1495	1	3	3	95	12727
1496	1	3	3	96	12968
1497	1	3	3	97	13208
1498	1	3	3	98	13449
1499	1	3	3	99	13689
1500	1	3	3	100	13930
1501	2	1	3	1	29
1502	2	1	3	2	30
1503	2	1	3	3	33
1504	2	1	3	4	34
1505	2	1	3	5	37
1506	2	1	3	6	40
1507	2	1	3	7	43
1508	2	1	3	8	46
1509	2	1	3	9	49
1510	2	1	3	10	51
1511	2	1	3	11	56
1512	2	1	3	12	59
1513	2	1	3	13	61
1514	2	1	3	14	66
1515	2	1	3	15	70
1516	2	1	3	16	73
1517	2	1	3	17	77
1518	2	1	3	18	82
1519	2	1	3	19	87
1520	2	1	3	20	93
1521	2	1	3	21	97
1522	2	1	3	22	103
1523	2	1	3	23	110
1524	2	1	3	24	116
1525	2	1	3	25	123
1526	2	1	3	26	130
1527	2	1	3	27	139
1528	2	1	3	28	146
1529	2	1	3	29	156
1530	2	1	3	30	164
1531	2	1	3	31	174
1532	2	1	3	32	184
1533	2	1	3	33	196
1534	2	1	3	34	207
1535	2	1	3	35	220
1536	2	1	3	36	233
1537	2	1	3	37	247
1538	2	1	3	38	263
1539	2	1	3	39	279
1540	2	1	3	40	295
1541	2	1	3	41	313
1542	2	1	3	42	332
1543	2	1	3	43	352
1544	2	1	3	44	373
1545	2	1	3	45	396
1546	2	1	3	46	419
1547	2	1	3	47	445
1548	2	1	3	48	470
1549	2	1	3	49	499
1550	2	1	3	50	529
1551	2	1	3	51	561
1552	2	1	3	52	595
1553	2	1	3	53	631
1554	2	1	3	54	668
1555	2	1	3	55	708
1556	2	1	3	56	751
1557	2	1	3	57	797
1558	2	1	3	58	844
1559	2	1	3	59	895
1560	2	1	3	60	948
1561	2	1	3	61	1001
1562	2	1	3	62	1054
1563	2	1	3	63	1107
1564	2	1	3	64	1160
1565	2	1	3	65	1213
1566	2	1	3	66	1266
1567	2	1	3	67	1318
1568	2	1	3	68	1371
1569	2	1	3	69	1424
1570	2	1	3	70	1477
1571	2	1	3	71	1530
1572	2	1	3	72	1583
1573	2	1	3	73	1636
1574	2	1	3	74	1689
1575	2	1	3	75	1742
1576	2	1	3	76	1795
1577	2	1	3	77	1848
1578	2	1	3	78	1900
1579	2	1	3	79	1953
1580	2	1	3	80	2006
1581	2	1	3	81	2059
1582	2	1	3	82	2112
1583	2	1	3	83	2165
1584	2	1	3	84	2218
1585	2	1	3	85	2271
1586	2	1	3	86	2324
1587	2	1	3	87	2377
1588	2	1	3	88	2430
1589	2	1	3	89	2482
1590	2	1	3	90	2535
1591	2	1	3	91	2588
1592	2	1	3	92	2641
1593	2	1	3	93	2694
1594	2	1	3	94	2747
1595	2	1	3	95	2800
1596	2	1	3	96	2853
1597	2	1	3	97	2906
1598	2	1	3	98	2959
1599	2	1	3	99	3012
1600	2	1	3	100	3064
1601	2	2	3	1	57
1602	2	2	3	2	60
1603	2	2	3	3	66
1604	2	2	3	4	69
1605	2	2	3	5	74
1606	2	2	3	6	80
1607	2	2	3	7	86
1608	2	2	3	8	92
1609	2	2	3	9	97
1610	2	2	3	10	103
1611	2	2	3	11	112
1612	2	2	3	12	117
1613	2	2	3	13	123
1614	2	2	3	14	132
1615	2	2	3	15	140
1616	2	2	3	16	146
1617	2	2	3	17	154
1618	2	2	3	18	163
1619	2	2	3	19	174
1620	2	2	3	20	186
1621	2	2	3	21	194
1622	2	2	3	22	206
1623	2	2	3	23	220
1624	2	2	3	24	232
1625	2	2	3	25	246
1626	2	2	3	26	260
1627	2	2	3	27	277
1628	2	2	3	28	292
1629	2	2	3	29	312
1630	2	2	3	30	329
1631	2	2	3	31	349
1632	2	2	3	32	369
1633	2	2	3	33	392
1634	2	2	3	34	415
1635	2	2	3	35	440
1636	2	2	3	36	466
1637	2	2	3	37	495
1638	2	2	3	38	526
1639	2	2	3	39	558
1640	2	2	3	40	589
1641	2	2	3	41	626
1642	2	2	3	42	664
1643	2	2	3	43	704
1644	2	2	3	44	746
1645	2	2	3	45	792
1646	2	2	3	46	838
1647	2	2	3	47	889
1648	2	2	3	48	941
1649	2	2	3	49	998
1650	2	2	3	50	1058
1651	2	2	3	51	1121
1652	2	2	3	52	1190
1653	2	2	3	53	1261
1654	2	2	3	54	1336
1655	2	2	3	55	1416
1656	2	2	3	56	1502
1657	2	2	3	57	1593
1658	2	2	3	58	1687
1659	2	2	3	59	1790
1660	2	2	3	60	1896
1661	2	2	3	61	2002
1662	2	2	3	62	2108
1663	2	2	3	63	2214
1664	2	2	3	64	2319
1665	2	2	3	65	2425
1666	2	2	3	66	2531
1667	2	2	3	67	2637
1668	2	2	3	68	2743
1669	2	2	3	69	2849
1670	2	2	3	70	2954
1671	2	2	3	71	3060
1672	2	2	3	72	3166
1673	2	2	3	73	3272
1674	2	2	3	74	3378
1675	2	2	3	75	3483
1676	2	2	3	76	3589
1677	2	2	3	77	3695
1678	2	2	3	78	3801
1679	2	2	3	79	3907
1680	2	2	3	80	4013
1681	2	2	3	81	4118
1682	2	2	3	82	4224
1683	2	2	3	83	4330
1684	2	2	3	84	4436
1685	2	2	3	85	4542
1686	2	2	3	86	4648
1687	2	2	3	87	4753
1688	2	2	3	88	4859
1689	2	2	3	89	4965
1690	2	2	3	90	5071
1691	2	2	3	91	5177
1692	2	2	3	92	5282
1693	2	2	3	93	5388
1694	2	2	3	94	5494
1695	2	2	3	95	5600
1696	2	2	3	96	5706
1697	2	2	3	97	5812
1698	2	2	3	98	5917
1699	2	2	3	99	6023
1700	2	2	3	100	6129
1701	2	3	3	1	143
1702	2	3	3	2	150
1703	2	3	3	3	164
1704	2	3	3	4	172
1705	2	3	3	5	186
1706	2	3	3	6	200
1707	2	3	3	7	215
1708	2	3	3	8	229
1709	2	3	3	9	243
1710	2	3	3	10	257
1711	2	3	3	11	279
1712	2	3	3	12	293
1713	2	3	3	13	307
1714	2	3	3	14	329
1715	2	3	3	15	350
1716	2	3	3	16	365
1717	2	3	3	17	386
1718	2	3	3	18	408
1719	2	3	3	19	436
1720	2	3	3	20	465
1721	2	3	3	21	486
1722	2	3	3	22	515
1723	2	3	3	23	551
1724	2	3	3	24	579
1725	2	3	3	25	615
1726	2	3	3	26	651
1727	2	3	3	27	694
1728	2	3	3	28	729
1729	2	3	3	29	779
1730	2	3	3	30	822
1731	2	3	3	31	872
1732	2	3	3	32	922
1733	2	3	3	33	980
1734	2	3	3	34	1037
1735	2	3	3	35	1101
1736	2	3	3	36	1165
1737	2	3	3	37	1237
1738	2	3	3	38	1316
1739	2	3	3	39	1394
1740	2	3	3	40	1473
1741	2	3	3	41	1566
1742	2	3	3	42	1659
1743	2	3	3	43	1759
1744	2	3	3	44	1866
1745	2	3	3	45	1981
1746	2	3	3	46	2095
1747	2	3	3	47	2224
1748	2	3	3	48	2352
1749	2	3	3	49	2495
1750	2	3	3	50	2646
1751	2	3	3	51	2803
1752	2	3	3	52	2974
1753	2	3	3	53	3153
1754	2	3	3	54	3339
1755	2	3	3	55	3539
1756	2	3	3	56	3754
1757	2	3	3	57	3983
1758	2	3	3	58	4219
1759	2	3	3	59	4476
1760	2	3	3	60	4740
1761	2	3	3	61	5005
1762	2	3	3	62	5270
1763	2	3	3	63	5534
1764	2	3	3	64	5799
1765	2	3	3	65	6063
1766	2	3	3	66	6328
1767	2	3	3	67	6592
1768	2	3	3	68	6857
1769	2	3	3	69	7121
1770	2	3	3	70	7386
1771	2	3	3	71	7651
1772	2	3	3	72	7915
1773	2	3	3	73	8180
1774	2	3	3	74	8444
1775	2	3	3	75	8709
1776	2	3	3	76	8973
1777	2	3	3	77	9238
1778	2	3	3	78	9502
1779	2	3	3	79	9767
1780	2	3	3	80	10031
1781	2	3	3	81	10296
1782	2	3	3	82	10561
1783	2	3	3	83	10825
1784	2	3	3	84	11090
1785	2	3	3	85	11354
1786	2	3	3	86	11619
1787	2	3	3	87	11883
1788	2	3	3	88	12148
1789	2	3	3	89	12412
1790	2	3	3	90	12677
1791	2	3	3	91	12942
1792	2	3	3	92	13206
1793	2	3	3	93	13471
1794	2	3	3	94	13735
1795	2	3	3	95	14000
1796	2	3	3	96	14264
1797	2	3	3	97	14529
1798	2	3	3	98	14793
1799	2	3	3	99	15058
1800	2	3	3	100	15322
1801	3	1	3	1	31
1802	3	1	3	2	33
1803	3	1	3	3	36
1804	3	1	3	4	37
1805	3	1	3	5	41
1806	3	1	3	6	44
1807	3	1	3	7	47
1808	3	1	3	8	50
1809	3	1	3	9	53
1810	3	1	3	10	56
1811	3	1	3	11	61
1812	3	1	3	12	64
1813	3	1	3	13	67
1814	3	1	3	14	72
1815	3	1	3	15	76
1816	3	1	3	16	80
1817	3	1	3	17	84
1818	3	1	3	18	89
1819	3	1	3	19	95
1820	3	1	3	20	101
1821	3	1	3	21	106
1822	3	1	3	22	112
1823	3	1	3	23	120
1824	3	1	3	24	126
1825	3	1	3	25	134
1826	3	1	3	26	142
1827	3	1	3	27	151
1828	3	1	3	28	159
1829	3	1	3	29	170
1830	3	1	3	30	179
1831	3	1	3	31	190
1832	3	1	3	32	201
1833	3	1	3	33	214
1834	3	1	3	34	226
1835	3	1	3	35	240
1836	3	1	3	36	254
1837	3	1	3	37	270
1838	3	1	3	38	287
1839	3	1	3	39	304
1840	3	1	3	40	321
1841	3	1	3	41	342
1842	3	1	3	42	362
1843	3	1	3	43	384
1844	3	1	3	44	407
1845	3	1	3	45	432
1846	3	1	3	46	457
1847	3	1	3	47	485
1848	3	1	3	48	513
1849	3	1	3	49	544
1850	3	1	3	50	577
1851	3	1	3	51	612
1852	3	1	3	52	649
1853	3	1	3	53	688
1854	3	1	3	54	729
1855	3	1	3	55	772
1856	3	1	3	56	819
1857	3	1	3	57	869
1858	3	1	3	58	920
1859	3	1	3	59	977
1860	3	1	3	60	1034
1861	3	1	3	61	1092
1862	3	1	3	62	1150
1863	3	1	3	63	1207
1864	3	1	3	64	1265
1865	3	1	3	65	1323
1866	3	1	3	66	1381
1867	3	1	3	67	1438
1868	3	1	3	68	1496
1869	3	1	3	69	1554
1870	3	1	3	70	1611
1871	3	1	3	71	1669
1872	3	1	3	72	1727
1873	3	1	3	73	1785
1874	3	1	3	74	1842
1875	3	1	3	75	1900
1876	3	1	3	76	1958
1877	3	1	3	77	2016
1878	3	1	3	78	2073
1879	3	1	3	79	2131
1880	3	1	3	80	2189
1881	3	1	3	81	2246
1882	3	1	3	82	2304
1883	3	1	3	83	2362
1884	3	1	3	84	2420
1885	3	1	3	85	2477
1886	3	1	3	86	2535
1887	3	1	3	87	2593
1888	3	1	3	88	2650
1889	3	1	3	89	2708
1890	3	1	3	90	2766
1891	3	1	3	91	2824
1892	3	1	3	92	2881
1893	3	1	3	93	2939
1894	3	1	3	94	2997
1895	3	1	3	95	3054
1896	3	1	3	96	3112
1897	3	1	3	97	3170
1898	3	1	3	98	3228
1899	3	1	3	99	3285
1900	3	1	3	100	3343
1901	3	2	3	1	62
1902	3	2	3	2	66
1903	3	2	3	3	72
1904	3	2	3	4	75
1905	3	2	3	5	81
1906	3	2	3	6	87
1907	3	2	3	7	94
1908	3	2	3	8	100
1909	3	2	3	9	106
1910	3	2	3	10	112
1911	3	2	3	11	122
1912	3	2	3	12	128
1913	3	2	3	13	134
1914	3	2	3	14	144
1915	3	2	3	15	153
1916	3	2	3	16	159
1917	3	2	3	17	168
1918	3	2	3	18	178
1919	3	2	3	19	190
1920	3	2	3	20	203
1921	3	2	3	21	212
1922	3	2	3	22	225
1923	3	2	3	23	240
1924	3	2	3	24	253
1925	3	2	3	25	268
1926	3	2	3	26	284
1927	3	2	3	27	303
1928	3	2	3	28	318
1929	3	2	3	29	340
1930	3	2	3	30	359
1931	3	2	3	31	381
1932	3	2	3	32	402
1933	3	2	3	33	427
1934	3	2	3	34	452
1935	3	2	3	35	480
1936	3	2	3	36	509
1937	3	2	3	37	540
1938	3	2	3	38	574
1939	3	2	3	39	608
1940	3	2	3	40	643
1941	3	2	3	41	683
1942	3	2	3	42	724
1943	3	2	3	43	768
1944	3	2	3	44	814
1945	3	2	3	45	864
1946	3	2	3	46	914
1947	3	2	3	47	970
1948	3	2	3	48	1026
1949	3	2	3	49	1089
1950	3	2	3	50	1154
1951	3	2	3	51	1223
1952	3	2	3	52	1298
1953	3	2	3	53	1376
1954	3	2	3	54	1457
1955	3	2	3	55	1544
1956	3	2	3	56	1638
1957	3	2	3	57	1738
1958	3	2	3	58	1841
1959	3	2	3	59	1953
1960	3	2	3	60	2069
1961	3	2	3	61	2184
1962	3	2	3	62	2299
1963	3	2	3	63	2415
1964	3	2	3	64	2530
1965	3	2	3	65	2646
1966	3	2	3	66	2761
1967	3	2	3	67	2877
1968	3	2	3	68	2992
1969	3	2	3	69	3108
1970	3	2	3	70	3223
1971	3	2	3	71	3338
1972	3	2	3	72	3454
1973	3	2	3	73	3569
1974	3	2	3	74	3685
1975	3	2	3	75	3800
1976	3	2	3	76	3916
1977	3	2	3	77	4031
1978	3	2	3	78	4146
1979	3	2	3	79	4262
1980	3	2	3	80	4377
1981	3	2	3	81	4493
1982	3	2	3	82	4608
1983	3	2	3	83	4724
1984	3	2	3	84	4839
1985	3	2	3	85	4955
1986	3	2	3	86	5070
1987	3	2	3	87	5185
1988	3	2	3	88	5301
1989	3	2	3	89	5416
1990	3	2	3	90	5532
1991	3	2	3	91	5647
1992	3	2	3	92	5763
1993	3	2	3	93	5878
1994	3	2	3	94	5994
1995	3	2	3	95	6109
1996	3	2	3	96	6224
1997	3	2	3	97	6340
1998	3	2	3	98	6455
1999	3	2	3	99	6571
2000	3	2	3	100	6686
2001	3	3	3	1	156
2002	3	3	3	2	164
2003	3	3	3	3	179
2004	3	3	3	4	187
2005	3	3	3	5	203
2006	3	3	3	6	218
2007	3	3	3	7	234
2008	3	3	3	8	250
2009	3	3	3	9	265
2010	3	3	3	10	281
2011	3	3	3	11	304
2012	3	3	3	12	320
2013	3	3	3	13	335
2014	3	3	3	14	359
2015	3	3	3	15	382
2016	3	3	3	16	398
2017	3	3	3	17	421
2018	3	3	3	18	445
2019	3	3	3	19	476
2020	3	3	3	20	507
2021	3	3	3	21	530
2022	3	3	3	22	562
2023	3	3	3	23	601
2024	3	3	3	24	632
2025	3	3	3	25	671
2026	3	3	3	26	710
2027	3	3	3	27	757
2028	3	3	3	28	796
2029	3	3	3	29	850
2030	3	3	3	30	897
2031	3	3	3	31	952
2032	3	3	3	32	1006
2033	3	3	3	33	1069
2034	3	3	3	34	1131
2035	3	3	3	35	1201
2036	3	3	3	36	1271
2037	3	3	3	37	1349
2038	3	3	3	38	1435
2039	3	3	3	39	1521
2040	3	3	3	40	1607
2041	3	3	3	41	1708
2042	3	3	3	42	1810
2043	3	3	3	43	1919
2044	3	3	3	44	2036
2045	3	3	3	45	2161
2046	3	3	3	46	2285
2047	3	3	3	47	2426
2048	3	3	3	48	2566
2049	3	3	3	49	2722
2050	3	3	3	50	2886
2051	3	3	3	51	3058
2052	3	3	3	52	3245
2053	3	3	3	53	3440
2054	3	3	3	54	3643
2055	3	3	3	55	3861
2056	3	3	3	56	4095
2057	3	3	3	57	4345
2058	3	3	3	58	4602
2059	3	3	3	59	4883
2060	3	3	3	60	5171
2061	3	3	3	61	5460
2062	3	3	3	62	5749
2063	3	3	3	63	6037
2064	3	3	3	64	6326
2065	3	3	3	65	6614
2066	3	3	3	66	6903
2067	3	3	3	67	7192
2068	3	3	3	68	7480
2069	3	3	3	69	7769
2070	3	3	3	70	8057
2071	3	3	3	71	8346
2072	3	3	3	72	8635
2073	3	3	3	73	8923
2074	3	3	3	74	9212
2075	3	3	3	75	9500
2076	3	3	3	76	9789
2077	3	3	3	77	10078
2078	3	3	3	78	10366
2079	3	3	3	79	10655
2080	3	3	3	80	10943
2081	3	3	3	81	11232
2082	3	3	3	82	11521
2083	3	3	3	83	11809
2084	3	3	3	84	12098
2085	3	3	3	85	12386
2086	3	3	3	86	12675
2087	3	3	3	87	12964
2088	3	3	3	88	13252
2089	3	3	3	89	13541
2090	3	3	3	90	13829
2091	3	3	3	91	14118
2092	3	3	3	92	14407
2093	3	3	3	93	14695
2094	3	3	3	94	14984
2095	3	3	3	95	15272
2096	3	3	3	96	15561
2097	3	3	3	97	15850
2098	3	3	3	98	16138
2099	3	3	3	99	16427
2100	3	3	3	100	16715
2101	4	1	3	1	34
2102	4	1	3	2	35
2103	4	1	3	3	39
2104	4	1	3	4	41
2105	4	1	3	5	44
2106	4	1	3	6	47
2107	4	1	3	7	51
2108	4	1	3	8	54
2109	4	1	3	9	57
2110	4	1	3	10	61
2111	4	1	3	11	66
2112	4	1	3	12	69
2113	4	1	3	13	73
2114	4	1	3	14	78
2115	4	1	3	15	83
2116	4	1	3	16	86
2117	4	1	3	17	91
2118	4	1	3	18	96
2119	4	1	3	19	103
2120	4	1	3	20	110
2121	4	1	3	21	115
2122	4	1	3	22	122
2123	4	1	3	23	130
2124	4	1	3	24	137
2125	4	1	3	25	145
2126	4	1	3	26	154
2127	4	1	3	27	164
2128	4	1	3	28	172
2129	4	1	3	29	184
2130	4	1	3	30	194
2131	4	1	3	31	206
2132	4	1	3	32	218
2133	4	1	3	33	232
2134	4	1	3	34	245
2135	4	1	3	35	260
2136	4	1	3	36	275
2137	4	1	3	37	292
2138	4	1	3	38	311
2139	4	1	3	39	330
2140	4	1	3	40	348
2141	4	1	3	41	370
2142	4	1	3	42	392
2143	4	1	3	43	416
2144	4	1	3	44	441
2145	4	1	3	45	468
2146	4	1	3	46	495
2147	4	1	3	47	526
2148	4	1	3	48	556
2149	4	1	3	49	590
2150	4	1	3	50	625
2151	4	1	3	51	662
2152	4	1	3	52	703
2153	4	1	3	53	745
2154	4	1	3	54	789
2155	4	1	3	55	837
2156	4	1	3	56	887
2157	4	1	3	57	941
2158	4	1	3	58	997
2159	4	1	3	59	1058
2160	4	1	3	60	1120
2161	4	1	3	61	1183
2162	4	1	3	62	1246
2163	4	1	3	63	1308
2164	4	1	3	64	1371
2165	4	1	3	65	1433
2166	4	1	3	66	1496
2167	4	1	3	67	1558
2168	4	1	3	68	1621
2169	4	1	3	69	1683
2170	4	1	3	70	1746
2171	4	1	3	71	1808
2172	4	1	3	72	1871
2173	4	1	3	73	1933
2174	4	1	3	74	1996
2175	4	1	3	75	2058
2176	4	1	3	76	2121
2177	4	1	3	77	2183
2178	4	1	3	78	2246
2179	4	1	3	79	2309
2180	4	1	3	80	2371
2181	4	1	3	81	2434
2182	4	1	3	82	2496
2183	4	1	3	83	2559
2184	4	1	3	84	2621
2185	4	1	3	85	2684
2186	4	1	3	86	2746
2187	4	1	3	87	2809
2188	4	1	3	88	2871
2189	4	1	3	89	2934
2190	4	1	3	90	2996
2191	4	1	3	91	3059
2192	4	1	3	92	3121
2193	4	1	3	93	3184
2194	4	1	3	94	3246
2195	4	1	3	95	3309
2196	4	1	3	96	3372
2197	4	1	3	97	3434
2198	4	1	3	98	3497
2199	4	1	3	99	3559
2200	4	1	3	100	3622
2201	4	2	3	1	68
2202	4	2	3	2	71
2203	4	2	3	3	78
2204	4	2	3	4	81
2205	4	2	3	5	88
2206	4	2	3	6	95
2207	4	2	3	7	101
2208	4	2	3	8	108
2209	4	2	3	9	115
2210	4	2	3	10	122
2211	4	2	3	11	132
2212	4	2	3	12	139
2213	4	2	3	13	145
2214	4	2	3	14	155
2215	4	2	3	15	166
2216	4	2	3	16	172
2217	4	2	3	17	183
2218	4	2	3	18	193
2219	4	2	3	19	206
2220	4	2	3	20	220
2221	4	2	3	21	230
2222	4	2	3	22	243
2223	4	2	3	23	260
2224	4	2	3	24	274
2225	4	2	3	25	291
2226	4	2	3	26	308
2227	4	2	3	27	328
2228	4	2	3	28	345
2229	4	2	3	29	368
2230	4	2	3	30	389
2231	4	2	3	31	412
2232	4	2	3	32	436
2233	4	2	3	33	463
2234	4	2	3	34	490
2235	4	2	3	35	521
2236	4	2	3	36	551
2237	4	2	3	37	585
2238	4	2	3	38	622
2239	4	2	3	39	659
2240	4	2	3	40	696
2241	4	2	3	41	740
2242	4	2	3	42	784
2243	4	2	3	43	831
2244	4	2	3	44	882
2245	4	2	3	45	936
2246	4	2	3	46	990
2247	4	2	3	47	1051
2248	4	2	3	48	1112
2249	4	2	3	49	1180
2250	4	2	3	50	1251
2251	4	2	3	51	1325
2252	4	2	3	52	1406
2253	4	2	3	53	1491
2254	4	2	3	54	1578
2255	4	2	3	55	1673
2256	4	2	3	56	1775
2257	4	2	3	57	1883
2258	4	2	3	58	1994
2259	4	2	3	59	2116
2260	4	2	3	60	2241
2261	4	2	3	61	2366
2262	4	2	3	62	2491
2263	4	2	3	63	2616
2264	4	2	3	64	2741
2265	4	2	3	65	2866
2266	4	2	3	66	2991
2267	4	2	3	67	3116
2268	4	2	3	68	3241
2269	4	2	3	69	3366
2270	4	2	3	70	3492
2271	4	2	3	71	3617
2272	4	2	3	72	3742
2273	4	2	3	73	3867
2274	4	2	3	74	3992
2275	4	2	3	75	4117
2276	4	2	3	76	4242
2277	4	2	3	77	4367
2278	4	2	3	78	4492
2279	4	2	3	79	4617
2280	4	2	3	80	4742
2281	4	2	3	81	4867
2282	4	2	3	82	4992
2283	4	2	3	83	5117
2284	4	2	3	84	5242
2285	4	2	3	85	5367
2286	4	2	3	86	5493
2287	4	2	3	87	5618
2288	4	2	3	88	5743
2289	4	2	3	89	5868
2290	4	2	3	90	5993
2291	4	2	3	91	6118
2292	4	2	3	92	6243
2293	4	2	3	93	6368
2294	4	2	3	94	6493
2295	4	2	3	95	6618
2296	4	2	3	96	6743
2297	4	2	3	97	6868
2298	4	2	3	98	6993
2299	4	2	3	99	7118
2300	4	2	3	100	7243
2301	4	3	3	1	169
2302	4	3	3	2	177
2303	4	3	3	3	194
2304	4	3	3	4	203
2305	4	3	3	5	220
2306	4	3	3	6	237
2307	4	3	3	7	254
2308	4	3	3	8	270
2309	4	3	3	9	287
2310	4	3	3	10	304
2311	4	3	3	11	330
2312	4	3	3	12	346
2313	4	3	3	13	363
2314	4	3	3	14	389
2315	4	3	3	15	414
2316	4	3	3	16	431
2317	4	3	3	17	456
2318	4	3	3	18	482
2319	4	3	3	19	515
2320	4	3	3	20	549
2321	4	3	3	21	575
2322	4	3	3	22	608
2323	4	3	3	23	651
2324	4	3	3	24	684
2325	4	3	3	25	727
2326	4	3	3	26	769
2327	4	3	3	27	820
2328	4	3	3	28	862
2329	4	3	3	29	921
2330	4	3	3	30	972
2331	4	3	3	31	1031
2332	4	3	3	32	1090
2333	4	3	3	33	1158
2334	4	3	3	34	1225
2335	4	3	3	35	1301
2336	4	3	3	36	1377
2337	4	3	3	37	1462
2338	4	3	3	38	1555
2339	4	3	3	39	1648
2340	4	3	3	40	1741
2341	4	3	3	41	1851
2342	4	3	3	42	1960
2343	4	3	3	43	2079
2344	4	3	3	44	2205
2345	4	3	3	45	2341
2346	4	3	3	46	2476
2347	4	3	3	47	2628
2348	4	3	3	48	2780
2349	4	3	3	49	2949
2350	4	3	3	50	3127
2351	4	3	3	51	3312
2352	4	3	3	52	3515
2353	4	3	3	53	3726
2354	4	3	3	54	3946
2355	4	3	3	55	4183
2356	4	3	3	56	4436
2357	4	3	3	57	4707
2358	4	3	3	58	4986
2359	4	3	3	59	5290
2360	4	3	3	60	5602
2361	4	3	3	61	5915
2362	4	3	3	62	6228
2363	4	3	3	63	6540
2364	4	3	3	64	6853
2365	4	3	3	65	7166
2366	4	3	3	66	7478
2367	4	3	3	67	7791
2368	4	3	3	68	8104
2369	4	3	3	69	8416
2370	4	3	3	70	8729
2371	4	3	3	71	9042
2372	4	3	3	72	9354
2373	4	3	3	73	9667
2374	4	3	3	74	9979
2375	4	3	3	75	10292
2376	4	3	3	76	10605
2377	4	3	3	77	10917
2378	4	3	3	78	11230
2379	4	3	3	79	11543
2380	4	3	3	80	11855
2381	4	3	3	81	12168
2382	4	3	3	82	12481
2383	4	3	3	83	12793
2384	4	3	3	84	13106
2385	4	3	3	85	13419
2386	4	3	3	86	13731
2387	4	3	3	87	14044
2388	4	3	3	88	14357
2389	4	3	3	89	14669
2390	4	3	3	90	14982
2391	4	3	3	91	15295
2392	4	3	3	92	15607
2393	4	3	3	93	15920
2394	4	3	3	94	16232
2395	4	3	3	95	16545
2396	4	3	3	96	16858
2397	4	3	3	97	17170
2398	4	3	3	98	17483
2399	4	3	3	99	17796
2400	4	3	3	100	18108
2401	1	1	2	1	26
2402	1	1	2	2	27
2403	1	1	2	3	30
2404	1	1	2	4	31
2405	1	1	2	5	34
2406	1	1	2	6	36
2407	1	1	2	7	39
2408	1	1	2	8	42
2409	1	1	2	9	44
2410	1	1	2	10	47
2411	1	1	2	11	51
2412	1	1	2	12	53
2413	1	1	2	13	56
2414	1	1	2	14	60
2415	1	1	2	15	64
2416	1	1	2	16	66
2417	1	1	2	17	70
2418	1	1	2	18	74
2419	1	1	2	19	79
2420	1	1	2	20	85
2421	1	1	2	21	88
2422	1	1	2	22	94
2423	1	1	2	23	100
2424	1	1	2	24	105
2425	1	1	2	25	112
2426	1	1	2	26	118
2427	1	1	2	27	126
2428	1	1	2	28	133
2429	1	1	2	29	142
2430	1	1	2	30	150
2431	1	1	2	31	159
2432	1	1	2	32	168
2433	1	1	2	33	178
2434	1	1	2	34	189
2435	1	1	2	35	200
2436	1	1	2	36	212
2437	1	1	2	37	225
2438	1	1	2	38	239
2439	1	1	2	39	254
2440	1	1	2	40	268
2441	1	1	2	41	285
2442	1	1	2	42	302
2443	1	1	2	43	320
2444	1	1	2	44	339
2445	1	1	2	45	360
2446	1	1	2	46	381
2447	1	1	2	47	404
2448	1	1	2	48	428
2449	1	1	2	49	454
2450	1	1	2	50	481
2451	1	1	2	51	510
2452	1	1	2	52	541
2453	1	1	2	53	573
2454	1	1	2	54	607
2455	1	1	2	55	644
2456	1	1	2	56	683
2457	1	1	2	57	724
2458	1	1	2	58	767
2459	1	1	2	59	814
2460	1	1	2	60	862
2461	1	1	2	61	910
2462	1	1	2	62	958
2463	1	1	2	63	1006
2464	1	1	2	64	1054
2465	1	1	2	65	1102
2466	1	1	2	66	1151
2467	1	1	2	67	1199
2468	1	1	2	68	1247
2469	1	1	2	69	1295
2470	1	1	2	70	1343
2471	1	1	2	71	1391
2472	1	1	2	72	1439
2473	1	1	2	73	1487
2474	1	1	2	74	1535
2475	1	1	2	75	1583
2476	1	1	2	76	1632
2477	1	1	2	77	1680
2478	1	1	2	78	1728
2479	1	1	2	79	1776
2480	1	1	2	80	1824
2481	1	1	2	81	1872
2482	1	1	2	82	1920
2483	1	1	2	83	1968
2484	1	1	2	84	2016
2485	1	1	2	85	2064
2486	1	1	2	86	2113
2487	1	1	2	87	2161
2488	1	1	2	88	2209
2489	1	1	2	89	2257
2490	1	1	2	90	2305
2491	1	1	2	91	2353
2492	1	1	2	92	2401
2493	1	1	2	93	2449
2494	1	1	2	94	2497
2495	1	1	2	95	2545
2496	1	1	2	96	2594
2497	1	1	2	97	2642
2498	1	1	2	98	2690
2499	1	1	2	99	2738
2500	1	1	2	100	2786
2501	1	2	2	1	52
2502	1	2	2	2	55
2503	1	2	2	3	60
2504	1	2	2	4	62
2505	1	2	2	5	68
2506	1	2	2	6	73
2507	1	2	2	7	78
2508	1	2	2	8	83
2509	1	2	2	9	88
2510	1	2	2	10	94
2511	1	2	2	11	101
2512	1	2	2	12	107
2513	1	2	2	13	112
2514	1	2	2	14	120
2515	1	2	2	15	127
2516	1	2	2	16	133
2517	1	2	2	17	140
2518	1	2	2	18	148
2519	1	2	2	19	159
2520	1	2	2	20	169
2521	1	2	2	21	177
2522	1	2	2	22	187
2523	1	2	2	23	200
2524	1	2	2	24	211
2525	1	2	2	25	224
2526	1	2	2	26	237
2527	1	2	2	27	252
2528	1	2	2	28	265
2529	1	2	2	29	283
2530	1	2	2	30	299
2531	1	2	2	31	317
2532	1	2	2	32	335
2533	1	2	2	33	356
2534	1	2	2	34	377
2535	1	2	2	35	400
2536	1	2	2	36	424
2537	1	2	2	37	450
2538	1	2	2	38	478
2539	1	2	2	39	507
2540	1	2	2	40	536
2541	1	2	2	41	569
2542	1	2	2	42	603
2543	1	2	2	43	640
2544	1	2	2	44	679
2545	1	2	2	45	720
2546	1	2	2	46	762
2547	1	2	2	47	809
2548	1	2	2	48	855
2549	1	2	2	49	907
2550	1	2	2	50	962
2551	1	2	2	51	1019
2552	1	2	2	52	1082
2553	1	2	2	53	1147
2554	1	2	2	54	1214
2555	1	2	2	55	1287
2556	1	2	2	56	1365
2557	1	2	2	57	1448
2558	1	2	2	58	1534
2559	1	2	2	59	1628
2560	1	2	2	60	1724
2561	1	2	2	61	1820
2562	1	2	2	62	1916
2563	1	2	2	63	2012
2564	1	2	2	64	2109
2565	1	2	2	65	2205
2566	1	2	2	66	2301
2567	1	2	2	67	2397
2568	1	2	2	68	2493
2569	1	2	2	69	2590
2570	1	2	2	70	2686
2571	1	2	2	71	2782
2572	1	2	2	72	2878
2573	1	2	2	73	2974
2574	1	2	2	74	3071
2575	1	2	2	75	3167
2576	1	2	2	76	3263
2577	1	2	2	77	3359
2578	1	2	2	78	3455
2579	1	2	2	79	3552
2580	1	2	2	80	3648
2581	1	2	2	81	3744
2582	1	2	2	82	3840
2583	1	2	2	83	3936
2584	1	2	2	84	4033
2585	1	2	2	85	4129
2586	1	2	2	86	4225
2587	1	2	2	87	4321
2588	1	2	2	88	4417
2589	1	2	2	89	4514
2590	1	2	2	90	4610
2591	1	2	2	91	4706
2592	1	2	2	92	4802
2593	1	2	2	93	4898
2594	1	2	2	94	4995
2595	1	2	2	95	5091
2596	1	2	2	96	5187
2597	1	2	2	97	5283
2598	1	2	2	98	5379
2599	1	2	2	99	5476
2600	1	2	2	100	5572
2601	1	3	2	1	130
2602	1	3	2	2	137
2603	1	3	2	3	150
2604	1	3	2	4	156
2605	1	3	2	5	169
2606	1	3	2	6	182
2607	1	3	2	7	195
2608	1	3	2	8	208
2609	1	3	2	9	221
2610	1	3	2	10	234
2611	1	3	2	11	254
2612	1	3	2	12	267
2613	1	3	2	13	280
2614	1	3	2	14	299
2615	1	3	2	15	319
2616	1	3	2	16	332
2617	1	3	2	17	351
2618	1	3	2	18	371
2619	1	3	2	19	397
2620	1	3	2	20	423
2621	1	3	2	21	442
2622	1	3	2	22	468
2623	1	3	2	23	501
2624	1	3	2	24	527
2625	1	3	2	25	559
2626	1	3	2	26	592
2627	1	3	2	27	631
2628	1	3	2	28	663
2629	1	3	2	29	709
2630	1	3	2	30	748
2631	1	3	2	31	793
2632	1	3	2	32	839
2633	1	3	2	33	891
2634	1	3	2	34	943
2635	1	3	2	35	1001
2636	1	3	2	36	1060
2637	1	3	2	37	1125
2638	1	3	2	38	1196
2639	1	3	2	39	1268
2640	1	3	2	40	1339
2641	1	3	2	41	1424
2642	1	3	2	42	1508
2643	1	3	2	43	1599
2644	1	3	2	44	1697
2645	1	3	2	45	1801
2646	1	3	2	46	1905
2647	1	3	2	47	2022
2648	1	3	2	48	2139
2649	1	3	2	49	2269
2650	1	3	2	50	2405
2651	1	3	2	51	2548
2652	1	3	2	52	2704
2653	1	3	2	53	2867
2654	1	3	2	54	3036
2655	1	3	2	55	3218
2656	1	3	2	56	3413
2657	1	3	2	57	3621
2658	1	3	2	58	3835
2659	1	3	2	59	4069
2660	1	3	2	60	4310
2661	1	3	2	61	4550
2662	1	3	2	62	4791
2663	1	3	2	63	5031
2664	1	3	2	64	5272
2665	1	3	2	65	5512
2666	1	3	2	66	5753
2667	1	3	2	67	5993
2668	1	3	2	68	6234
2669	1	3	2	69	6474
2670	1	3	2	70	6715
2671	1	3	2	71	6955
2672	1	3	2	72	7196
2673	1	3	2	73	7436
2674	1	3	2	74	7677
2675	1	3	2	75	7917
2676	1	3	2	76	8158
2677	1	3	2	77	8398
2678	1	3	2	78	8639
2679	1	3	2	79	8879
2680	1	3	2	80	9120
2681	1	3	2	81	9360
2682	1	3	2	82	9601
2683	1	3	2	83	9841
2684	1	3	2	84	10082
2685	1	3	2	85	10322
2686	1	3	2	86	10563
2687	1	3	2	87	10803
2688	1	3	2	88	11044
2689	1	3	2	89	11284
2690	1	3	2	90	11525
2691	1	3	2	91	11765
2692	1	3	2	92	12006
2693	1	3	2	93	12246
2694	1	3	2	94	12487
2695	1	3	2	95	12727
2696	1	3	2	96	12968
2697	1	3	2	97	13208
2698	1	3	2	98	13449
2699	1	3	2	99	13689
2700	1	3	2	100	13930
2701	2	1	2	1	29
2702	2	1	2	2	30
2703	2	1	2	3	33
2704	2	1	2	4	34
2705	2	1	2	5	37
2706	2	1	2	6	40
2707	2	1	2	7	43
2708	2	1	2	8	46
2709	2	1	2	9	49
2710	2	1	2	10	51
2711	2	1	2	11	56
2712	2	1	2	12	59
2713	2	1	2	13	61
2714	2	1	2	14	66
2715	2	1	2	15	70
2716	2	1	2	16	73
2717	2	1	2	17	77
2718	2	1	2	18	82
2719	2	1	2	19	87
2720	2	1	2	20	93
2721	2	1	2	21	97
2722	2	1	2	22	103
2723	2	1	2	23	110
2724	2	1	2	24	116
2725	2	1	2	25	123
2726	2	1	2	26	130
2727	2	1	2	27	139
2728	2	1	2	28	146
2729	2	1	2	29	156
2730	2	1	2	30	164
2731	2	1	2	31	174
2732	2	1	2	32	184
2733	2	1	2	33	196
2734	2	1	2	34	207
2735	2	1	2	35	220
2736	2	1	2	36	233
2737	2	1	2	37	247
2738	2	1	2	38	263
2739	2	1	2	39	279
2740	2	1	2	40	295
2741	2	1	2	41	313
2742	2	1	2	42	332
2743	2	1	2	43	352
2744	2	1	2	44	373
2745	2	1	2	45	396
2746	2	1	2	46	419
2747	2	1	2	47	445
2748	2	1	2	48	470
2749	2	1	2	49	499
2750	2	1	2	50	529
2751	2	1	2	51	561
2752	2	1	2	52	595
2753	2	1	2	53	631
2754	2	1	2	54	668
2755	2	1	2	55	708
2756	2	1	2	56	751
2757	2	1	2	57	797
2758	2	1	2	58	844
2759	2	1	2	59	895
2760	2	1	2	60	948
2761	2	1	2	61	1001
2762	2	1	2	62	1054
2763	2	1	2	63	1107
2764	2	1	2	64	1160
2765	2	1	2	65	1213
2766	2	1	2	66	1266
2767	2	1	2	67	1318
2768	2	1	2	68	1371
2769	2	1	2	69	1424
2770	2	1	2	70	1477
2771	2	1	2	71	1530
2772	2	1	2	72	1583
2773	2	1	2	73	1636
2774	2	1	2	74	1689
2775	2	1	2	75	1742
2776	2	1	2	76	1795
2777	2	1	2	77	1848
2778	2	1	2	78	1900
2779	2	1	2	79	1953
2780	2	1	2	80	2006
2781	2	1	2	81	2059
2782	2	1	2	82	2112
2783	2	1	2	83	2165
2784	2	1	2	84	2218
2785	2	1	2	85	2271
2786	2	1	2	86	2324
2787	2	1	2	87	2377
2788	2	1	2	88	2430
2789	2	1	2	89	2482
2790	2	1	2	90	2535
2791	2	1	2	91	2588
2792	2	1	2	92	2641
2793	2	1	2	93	2694
2794	2	1	2	94	2747
2795	2	1	2	95	2800
2796	2	1	2	96	2853
2797	2	1	2	97	2906
2798	2	1	2	98	2959
2799	2	1	2	99	3012
2800	2	1	2	100	3064
2801	2	2	2	1	57
2802	2	2	2	2	60
2803	2	2	2	3	66
2804	2	2	2	4	69
2805	2	2	2	5	74
2806	2	2	2	6	80
2807	2	2	2	7	86
2808	2	2	2	8	92
2809	2	2	2	9	97
2810	2	2	2	10	103
2811	2	2	2	11	112
2812	2	2	2	12	117
2813	2	2	2	13	123
2814	2	2	2	14	132
2815	2	2	2	15	140
2816	2	2	2	16	146
2817	2	2	2	17	154
2818	2	2	2	18	163
2819	2	2	2	19	174
2820	2	2	2	20	186
2821	2	2	2	21	194
2822	2	2	2	22	206
2823	2	2	2	23	220
2824	2	2	2	24	232
2825	2	2	2	25	246
2826	2	2	2	26	260
2827	2	2	2	27	277
2828	2	2	2	28	292
2829	2	2	2	29	312
2830	2	2	2	30	329
2831	2	2	2	31	349
2832	2	2	2	32	369
2833	2	2	2	33	392
2834	2	2	2	34	415
2835	2	2	2	35	440
2836	2	2	2	36	466
2837	2	2	2	37	495
2838	2	2	2	38	526
2839	2	2	2	39	558
2840	2	2	2	40	589
2841	2	2	2	41	626
2842	2	2	2	42	664
2843	2	2	2	43	704
2844	2	2	2	44	746
2845	2	2	2	45	792
2846	2	2	2	46	838
2847	2	2	2	47	889
2848	2	2	2	48	941
2849	2	2	2	49	998
2850	2	2	2	50	1058
2851	2	2	2	51	1121
2852	2	2	2	52	1190
2853	2	2	2	53	1261
2854	2	2	2	54	1336
2855	2	2	2	55	1416
2856	2	2	2	56	1502
2857	2	2	2	57	1593
2858	2	2	2	58	1687
2859	2	2	2	59	1790
2860	2	2	2	60	1896
2861	2	2	2	61	2002
2862	2	2	2	62	2108
2863	2	2	2	63	2214
2864	2	2	2	64	2319
2865	2	2	2	65	2425
2866	2	2	2	66	2531
2867	2	2	2	67	2637
2868	2	2	2	68	2743
2869	2	2	2	69	2849
2870	2	2	2	70	2954
2871	2	2	2	71	3060
2872	2	2	2	72	3166
2873	2	2	2	73	3272
2874	2	2	2	74	3378
2875	2	2	2	75	3483
2876	2	2	2	76	3589
2877	2	2	2	77	3695
2878	2	2	2	78	3801
2879	2	2	2	79	3907
2880	2	2	2	80	4013
2881	2	2	2	81	4118
2882	2	2	2	82	4224
2883	2	2	2	83	4330
2884	2	2	2	84	4436
2885	2	2	2	85	4542
2886	2	2	2	86	4648
2887	2	2	2	87	4753
2888	2	2	2	88	4859
2889	2	2	2	89	4965
2890	2	2	2	90	5071
2891	2	2	2	91	5177
2892	2	2	2	92	5282
2893	2	2	2	93	5388
2894	2	2	2	94	5494
2895	2	2	2	95	5600
2896	2	2	2	96	5706
2897	2	2	2	97	5812
2898	2	2	2	98	5917
2899	2	2	2	99	6023
2900	2	2	2	100	6129
2901	2	3	2	1	143
2902	2	3	2	2	150
2903	2	3	2	3	164
2904	2	3	2	4	172
2905	2	3	2	5	186
2906	2	3	2	6	200
2907	2	3	2	7	215
2908	2	3	2	8	229
2909	2	3	2	9	243
2910	2	3	2	10	257
2911	2	3	2	11	279
2912	2	3	2	12	293
2913	2	3	2	13	307
2914	2	3	2	14	329
2915	2	3	2	15	350
2916	2	3	2	16	365
2917	2	3	2	17	386
2918	2	3	2	18	408
2919	2	3	2	19	436
2920	2	3	2	20	465
2921	2	3	2	21	486
2922	2	3	2	22	515
2923	2	3	2	23	551
2924	2	3	2	24	579
2925	2	3	2	25	615
2926	2	3	2	26	651
2927	2	3	2	27	694
2928	2	3	2	28	729
2929	2	3	2	29	779
2930	2	3	2	30	822
2931	2	3	2	31	872
2932	2	3	2	32	922
2933	2	3	2	33	980
2934	2	3	2	34	1037
2935	2	3	2	35	1101
2936	2	3	2	36	1165
2937	2	3	2	37	1237
2938	2	3	2	38	1316
2939	2	3	2	39	1394
2940	2	3	2	40	1473
2941	2	3	2	41	1566
2942	2	3	2	42	1659
2943	2	3	2	43	1759
2944	2	3	2	44	1866
2945	2	3	2	45	1981
2946	2	3	2	46	2095
2947	2	3	2	47	2224
2948	2	3	2	48	2352
2949	2	3	2	49	2495
2950	2	3	2	50	2646
2951	2	3	2	51	2803
2952	2	3	2	52	2974
2953	2	3	2	53	3153
2954	2	3	2	54	3339
2955	2	3	2	55	3539
2956	2	3	2	56	3754
2957	2	3	2	57	3983
2958	2	3	2	58	4219
2959	2	3	2	59	4476
2960	2	3	2	60	4740
2961	2	3	2	61	5005
2962	2	3	2	62	5270
2963	2	3	2	63	5534
2964	2	3	2	64	5799
2965	2	3	2	65	6063
2966	2	3	2	66	6328
2967	2	3	2	67	6592
2968	2	3	2	68	6857
2969	2	3	2	69	7121
2970	2	3	2	70	7386
2971	2	3	2	71	7651
2972	2	3	2	72	7915
2973	2	3	2	73	8180
2974	2	3	2	74	8444
2975	2	3	2	75	8709
2976	2	3	2	76	8973
2977	2	3	2	77	9238
2978	2	3	2	78	9502
2979	2	3	2	79	9767
2980	2	3	2	80	10031
2981	2	3	2	81	10296
2982	2	3	2	82	10561
2983	2	3	2	83	10825
2984	2	3	2	84	11090
2985	2	3	2	85	11354
2986	2	3	2	86	11619
2987	2	3	2	87	11883
2988	2	3	2	88	12148
2989	2	3	2	89	12412
2990	2	3	2	90	12677
2991	2	3	2	91	12942
2992	2	3	2	92	13206
2993	2	3	2	93	13471
2994	2	3	2	94	13735
2995	2	3	2	95	14000
2996	2	3	2	96	14264
2997	2	3	2	97	14529
2998	2	3	2	98	14793
2999	2	3	2	99	15058
3000	2	3	2	100	15322
3001	3	1	2	1	31
3002	3	1	2	2	33
3003	3	1	2	3	36
3004	3	1	2	4	37
3005	3	1	2	5	41
3006	3	1	2	6	44
3007	3	1	2	7	47
3008	3	1	2	8	50
3009	3	1	2	9	53
3010	3	1	2	10	56
3011	3	1	2	11	61
3012	3	1	2	12	64
3013	3	1	2	13	67
3014	3	1	2	14	72
3015	3	1	2	15	76
3016	3	1	2	16	80
3017	3	1	2	17	84
3018	3	1	2	18	89
3019	3	1	2	19	95
3020	3	1	2	20	101
3021	3	1	2	21	106
3022	3	1	2	22	112
3023	3	1	2	23	120
3024	3	1	2	24	126
3025	3	1	2	25	134
3026	3	1	2	26	142
3027	3	1	2	27	151
3028	3	1	2	28	159
3029	3	1	2	29	170
3030	3	1	2	30	179
3031	3	1	2	31	190
3032	3	1	2	32	201
3033	3	1	2	33	214
3034	3	1	2	34	226
3035	3	1	2	35	240
3036	3	1	2	36	254
3037	3	1	2	37	270
3038	3	1	2	38	287
3039	3	1	2	39	304
3040	3	1	2	40	321
3041	3	1	2	41	342
3042	3	1	2	42	362
3043	3	1	2	43	384
3044	3	1	2	44	407
3045	3	1	2	45	432
3046	3	1	2	46	457
3047	3	1	2	47	485
3048	3	1	2	48	513
3049	3	1	2	49	544
3050	3	1	2	50	577
3051	3	1	2	51	612
3052	3	1	2	52	649
3053	3	1	2	53	688
3054	3	1	2	54	729
3055	3	1	2	55	772
3056	3	1	2	56	819
3057	3	1	2	57	869
3058	3	1	2	58	920
3059	3	1	2	59	977
3060	3	1	2	60	1034
3061	3	1	2	61	1092
3062	3	1	2	62	1150
3063	3	1	2	63	1207
3064	3	1	2	64	1265
3065	3	1	2	65	1323
3066	3	1	2	66	1381
3067	3	1	2	67	1438
3068	3	1	2	68	1496
3069	3	1	2	69	1554
3070	3	1	2	70	1611
3071	3	1	2	71	1669
3072	3	1	2	72	1727
3073	3	1	2	73	1785
3074	3	1	2	74	1842
3075	3	1	2	75	1900
3076	3	1	2	76	1958
3077	3	1	2	77	2016
3078	3	1	2	78	2073
3079	3	1	2	79	2131
3080	3	1	2	80	2189
3081	3	1	2	81	2246
3082	3	1	2	82	2304
3083	3	1	2	83	2362
3084	3	1	2	84	2420
3085	3	1	2	85	2477
3086	3	1	2	86	2535
3087	3	1	2	87	2593
3088	3	1	2	88	2650
3089	3	1	2	89	2708
3090	3	1	2	90	2766
3091	3	1	2	91	2824
3092	3	1	2	92	2881
3093	3	1	2	93	2939
3094	3	1	2	94	2997
3095	3	1	2	95	3054
3096	3	1	2	96	3112
3097	3	1	2	97	3170
3098	3	1	2	98	3228
3099	3	1	2	99	3285
3100	3	1	2	100	3343
3101	3	2	2	1	62
3102	3	2	2	2	66
3103	3	2	2	3	72
3104	3	2	2	4	75
3105	3	2	2	5	81
3106	3	2	2	6	87
3107	3	2	2	7	94
3108	3	2	2	8	100
3109	3	2	2	9	106
3110	3	2	2	10	112
3111	3	2	2	11	122
3112	3	2	2	12	128
3113	3	2	2	13	134
3114	3	2	2	14	144
3115	3	2	2	15	153
3116	3	2	2	16	159
3117	3	2	2	17	168
3118	3	2	2	18	178
3119	3	2	2	19	190
3120	3	2	2	20	203
3121	3	2	2	21	212
3122	3	2	2	22	225
3123	3	2	2	23	240
3124	3	2	2	24	253
3125	3	2	2	25	268
3126	3	2	2	26	284
3127	3	2	2	27	303
3128	3	2	2	28	318
3129	3	2	2	29	340
3130	3	2	2	30	359
3131	3	2	2	31	381
3132	3	2	2	32	402
3133	3	2	2	33	427
3134	3	2	2	34	452
3135	3	2	2	35	480
3136	3	2	2	36	509
3137	3	2	2	37	540
3138	3	2	2	38	574
3139	3	2	2	39	608
3140	3	2	2	40	643
3141	3	2	2	41	683
3142	3	2	2	42	724
3143	3	2	2	43	768
3144	3	2	2	44	814
3145	3	2	2	45	864
3146	3	2	2	46	914
3147	3	2	2	47	970
3148	3	2	2	48	1026
3149	3	2	2	49	1089
3150	3	2	2	50	1154
3151	3	2	2	51	1223
3152	3	2	2	52	1298
3153	3	2	2	53	1376
3154	3	2	2	54	1457
3155	3	2	2	55	1544
3156	3	2	2	56	1638
3157	3	2	2	57	1738
3158	3	2	2	58	1841
3159	3	2	2	59	1953
3160	3	2	2	60	2069
3161	3	2	2	61	2184
3162	3	2	2	62	2299
3163	3	2	2	63	2415
3164	3	2	2	64	2530
3165	3	2	2	65	2646
3166	3	2	2	66	2761
3167	3	2	2	67	2877
3168	3	2	2	68	2992
3169	3	2	2	69	3108
3170	3	2	2	70	3223
3171	3	2	2	71	3338
3172	3	2	2	72	3454
3173	3	2	2	73	3569
3174	3	2	2	74	3685
3175	3	2	2	75	3800
3176	3	2	2	76	3916
3177	3	2	2	77	4031
3178	3	2	2	78	4146
3179	3	2	2	79	4262
3180	3	2	2	80	4377
3181	3	2	2	81	4493
3182	3	2	2	82	4608
3183	3	2	2	83	4724
3184	3	2	2	84	4839
3185	3	2	2	85	4955
3186	3	2	2	86	5070
3187	3	2	2	87	5185
3188	3	2	2	88	5301
3189	3	2	2	89	5416
3190	3	2	2	90	5532
3191	3	2	2	91	5647
3192	3	2	2	92	5763
3193	3	2	2	93	5878
3194	3	2	2	94	5994
3195	3	2	2	95	6109
3196	3	2	2	96	6224
3197	3	2	2	97	6340
3198	3	2	2	98	6455
3199	3	2	2	99	6571
3200	3	2	2	100	6686
3201	3	3	2	1	156
3202	3	3	2	2	164
3203	3	3	2	3	179
3204	3	3	2	4	187
3205	3	3	2	5	203
3206	3	3	2	6	218
3207	3	3	2	7	234
3208	3	3	2	8	250
3209	3	3	2	9	265
3210	3	3	2	10	281
3211	3	3	2	11	304
3212	3	3	2	12	320
3213	3	3	2	13	335
3214	3	3	2	14	359
3215	3	3	2	15	382
3216	3	3	2	16	398
3217	3	3	2	17	421
3218	3	3	2	18	445
3219	3	3	2	19	476
3220	3	3	2	20	507
3221	3	3	2	21	530
3222	3	3	2	22	562
3223	3	3	2	23	601
3224	3	3	2	24	632
3225	3	3	2	25	671
3226	3	3	2	26	710
3227	3	3	2	27	757
3228	3	3	2	28	796
3229	3	3	2	29	850
3230	3	3	2	30	897
3231	3	3	2	31	952
3232	3	3	2	32	1006
3233	3	3	2	33	1069
3234	3	3	2	34	1131
3235	3	3	2	35	1201
3236	3	3	2	36	1271
3237	3	3	2	37	1349
3238	3	3	2	38	1435
3239	3	3	2	39	1521
3240	3	3	2	40	1607
3241	3	3	2	41	1708
3242	3	3	2	42	1810
3243	3	3	2	43	1919
3244	3	3	2	44	2036
3245	3	3	2	45	2161
3246	3	3	2	46	2285
3247	3	3	2	47	2426
3248	3	3	2	48	2566
3249	3	3	2	49	2722
3250	3	3	2	50	2886
3251	3	3	2	51	3058
3252	3	3	2	52	3245
3253	3	3	2	53	3440
3254	3	3	2	54	3643
3255	3	3	2	55	3861
3256	3	3	2	56	4095
3257	3	3	2	57	4345
3258	3	3	2	58	4602
3259	3	3	2	59	4883
3260	3	3	2	60	5171
3261	3	3	2	61	5460
3262	3	3	2	62	5749
3263	3	3	2	63	6037
3264	3	3	2	64	6326
3265	3	3	2	65	6614
3266	3	3	2	66	6903
3267	3	3	2	67	7192
3268	3	3	2	68	7480
3269	3	3	2	69	7769
3270	3	3	2	70	8057
3271	3	3	2	71	8346
3272	3	3	2	72	8635
3273	3	3	2	73	8923
3274	3	3	2	74	9212
3275	3	3	2	75	9500
3276	3	3	2	76	9789
3277	3	3	2	77	10078
3278	3	3	2	78	10366
3279	3	3	2	79	10655
3280	3	3	2	80	10943
3281	3	3	2	81	11232
3282	3	3	2	82	11521
3283	3	3	2	83	11809
3284	3	3	2	84	12098
3285	3	3	2	85	12386
3286	3	3	2	86	12675
3287	3	3	2	87	12964
3288	3	3	2	88	13252
3289	3	3	2	89	13541
3290	3	3	2	90	13829
3291	3	3	2	91	14118
3292	3	3	2	92	14407
3293	3	3	2	93	14695
3294	3	3	2	94	14984
3295	3	3	2	95	15272
3296	3	3	2	96	15561
3297	3	3	2	97	15850
3298	3	3	2	98	16138
3299	3	3	2	99	16427
3300	3	3	2	100	16715
3301	4	1	2	1	34
3302	4	1	2	2	35
3303	4	1	2	3	39
3304	4	1	2	4	41
3305	4	1	2	5	44
3306	4	1	2	6	47
3307	4	1	2	7	51
3308	4	1	2	8	54
3309	4	1	2	9	57
3310	4	1	2	10	61
3311	4	1	2	11	66
3312	4	1	2	12	69
3313	4	1	2	13	73
3314	4	1	2	14	78
3315	4	1	2	15	83
3316	4	1	2	16	86
3317	4	1	2	17	91
3318	4	1	2	18	96
3319	4	1	2	19	103
3320	4	1	2	20	110
3321	4	1	2	21	115
3322	4	1	2	22	122
3323	4	1	2	23	130
3324	4	1	2	24	137
3325	4	1	2	25	145
3326	4	1	2	26	154
3327	4	1	2	27	164
3328	4	1	2	28	172
3329	4	1	2	29	184
3330	4	1	2	30	194
3331	4	1	2	31	206
3332	4	1	2	32	218
3333	4	1	2	33	232
3334	4	1	2	34	245
3335	4	1	2	35	260
3336	4	1	2	36	275
3337	4	1	2	37	292
3338	4	1	2	38	311
3339	4	1	2	39	330
3340	4	1	2	40	348
3341	4	1	2	41	370
3342	4	1	2	42	392
3343	4	1	2	43	416
3344	4	1	2	44	441
3345	4	1	2	45	468
3346	4	1	2	46	495
3347	4	1	2	47	526
3348	4	1	2	48	556
3349	4	1	2	49	590
3350	4	1	2	50	625
3351	4	1	2	51	662
3352	4	1	2	52	703
3353	4	1	2	53	745
3354	4	1	2	54	789
3355	4	1	2	55	837
3356	4	1	2	56	887
3357	4	1	2	57	941
3358	4	1	2	58	997
3359	4	1	2	59	1058
3360	4	1	2	60	1120
3361	4	1	2	61	1183
3362	4	1	2	62	1246
3363	4	1	2	63	1308
3364	4	1	2	64	1371
3365	4	1	2	65	1433
3366	4	1	2	66	1496
3367	4	1	2	67	1558
3368	4	1	2	68	1621
3369	4	1	2	69	1683
3370	4	1	2	70	1746
3371	4	1	2	71	1808
3372	4	1	2	72	1871
3373	4	1	2	73	1933
3374	4	1	2	74	1996
3375	4	1	2	75	2058
3376	4	1	2	76	2121
3377	4	1	2	77	2183
3378	4	1	2	78	2246
3379	4	1	2	79	2309
3380	4	1	2	80	2371
3381	4	1	2	81	2434
3382	4	1	2	82	2496
3383	4	1	2	83	2559
3384	4	1	2	84	2621
3385	4	1	2	85	2684
3386	4	1	2	86	2746
3387	4	1	2	87	2809
3388	4	1	2	88	2871
3389	4	1	2	89	2934
3390	4	1	2	90	2996
3391	4	1	2	91	3059
3392	4	1	2	92	3121
3393	4	1	2	93	3184
3394	4	1	2	94	3246
3395	4	1	2	95	3309
3396	4	1	2	96	3372
3397	4	1	2	97	3434
3398	4	1	2	98	3497
3399	4	1	2	99	3559
3400	4	1	2	100	3622
3401	4	2	2	1	68
3402	4	2	2	2	71
3403	4	2	2	3	78
3404	4	2	2	4	81
3405	4	2	2	5	88
3406	4	2	2	6	95
3407	4	2	2	7	101
3408	4	2	2	8	108
3409	4	2	2	9	115
3410	4	2	2	10	122
3411	4	2	2	11	132
3412	4	2	2	12	139
3413	4	2	2	13	145
3414	4	2	2	14	155
3415	4	2	2	15	166
3416	4	2	2	16	172
3417	4	2	2	17	183
3418	4	2	2	18	193
3419	4	2	2	19	206
3420	4	2	2	20	220
3421	4	2	2	21	230
3422	4	2	2	22	243
3423	4	2	2	23	260
3424	4	2	2	24	274
3425	4	2	2	25	291
3426	4	2	2	26	308
3427	4	2	2	27	328
3428	4	2	2	28	345
3429	4	2	2	29	368
3430	4	2	2	30	389
3431	4	2	2	31	412
3432	4	2	2	32	436
3433	4	2	2	33	463
3434	4	2	2	34	490
3435	4	2	2	35	521
3436	4	2	2	36	551
3437	4	2	2	37	585
3438	4	2	2	38	622
3439	4	2	2	39	659
3440	4	2	2	40	696
3441	4	2	2	41	740
3442	4	2	2	42	784
3443	4	2	2	43	831
3444	4	2	2	44	882
3445	4	2	2	45	936
3446	4	2	2	46	990
3447	4	2	2	47	1051
3448	4	2	2	48	1112
3449	4	2	2	49	1180
3450	4	2	2	50	1251
3451	4	2	2	51	1325
3452	4	2	2	52	1406
3453	4	2	2	53	1491
3454	4	2	2	54	1578
3455	4	2	2	55	1673
3456	4	2	2	56	1775
3457	4	2	2	57	1883
3458	4	2	2	58	1994
3459	4	2	2	59	2116
3460	4	2	2	60	2241
3461	4	2	2	61	2366
3462	4	2	2	62	2491
3463	4	2	2	63	2616
3464	4	2	2	64	2741
3465	4	2	2	65	2866
3466	4	2	2	66	2991
3467	4	2	2	67	3116
3468	4	2	2	68	3241
3469	4	2	2	69	3366
3470	4	2	2	70	3492
3471	4	2	2	71	3617
3472	4	2	2	72	3742
3473	4	2	2	73	3867
3474	4	2	2	74	3992
3475	4	2	2	75	4117
3476	4	2	2	76	4242
3477	4	2	2	77	4367
3478	4	2	2	78	4492
3479	4	2	2	79	4617
3480	4	2	2	80	4742
3481	4	2	2	81	4867
3482	4	2	2	82	4992
3483	4	2	2	83	5117
3484	4	2	2	84	5242
3485	4	2	2	85	5367
3486	4	2	2	86	5493
3487	4	2	2	87	5618
3488	4	2	2	88	5743
3489	4	2	2	89	5868
3490	4	2	2	90	5993
3491	4	2	2	91	6118
3492	4	2	2	92	6243
3493	4	2	2	93	6368
3494	4	2	2	94	6493
3495	4	2	2	95	6618
3496	4	2	2	96	6743
3497	4	2	2	97	6868
3498	4	2	2	98	6993
3499	4	2	2	99	7118
3500	4	2	2	100	7243
3501	4	3	2	1	169
3502	4	3	2	2	177
3503	4	3	2	3	194
3504	4	3	2	4	203
3505	4	3	2	5	220
3506	4	3	2	6	237
3507	4	3	2	7	254
3508	4	3	2	8	270
3509	4	3	2	9	287
3510	4	3	2	10	304
3511	4	3	2	11	330
3512	4	3	2	12	346
3513	4	3	2	13	363
3514	4	3	2	14	389
3515	4	3	2	15	414
3516	4	3	2	16	431
3517	4	3	2	17	456
3518	4	3	2	18	482
3519	4	3	2	19	515
3520	4	3	2	20	549
3521	4	3	2	21	575
3522	4	3	2	22	608
3523	4	3	2	23	651
3524	4	3	2	24	684
3525	4	3	2	25	727
3526	4	3	2	26	769
3527	4	3	2	27	820
3528	4	3	2	28	862
3529	4	3	2	29	921
3530	4	3	2	30	972
3531	4	3	2	31	1031
3532	4	3	2	32	1090
3533	4	3	2	33	1158
3534	4	3	2	34	1225
3535	4	3	2	35	1301
3536	4	3	2	36	1377
3537	4	3	2	37	1462
3538	4	3	2	38	1555
3539	4	3	2	39	1648
3540	4	3	2	40	1741
3541	4	3	2	41	1851
3542	4	3	2	42	1960
3543	4	3	2	43	2079
3544	4	3	2	44	2205
3545	4	3	2	45	2341
3546	4	3	2	46	2476
3547	4	3	2	47	2628
3548	4	3	2	48	2780
3549	4	3	2	49	2949
3550	4	3	2	50	3127
3551	4	3	2	51	3312
3552	4	3	2	52	3515
3553	4	3	2	53	3726
3554	4	3	2	54	3946
3555	4	3	2	55	4183
3556	4	3	2	56	4436
3557	4	3	2	57	4707
3558	4	3	2	58	4986
3559	4	3	2	59	5290
3560	4	3	2	60	5602
3561	4	3	2	61	5915
3562	4	3	2	62	6228
3563	4	3	2	63	6540
3564	4	3	2	64	6853
3565	4	3	2	65	7166
3566	4	3	2	66	7478
3567	4	3	2	67	7791
3568	4	3	2	68	8104
3569	4	3	2	69	8416
3570	4	3	2	70	8729
3571	4	3	2	71	9042
3572	4	3	2	72	9354
3573	4	3	2	73	9667
3574	4	3	2	74	9979
3575	4	3	2	75	10292
3576	4	3	2	76	10605
3577	4	3	2	77	10917
3578	4	3	2	78	11230
3579	4	3	2	79	11543
3580	4	3	2	80	11855
3581	4	3	2	81	12168
3582	4	3	2	82	12481
3583	4	3	2	83	12793
3584	4	3	2	84	13106
3585	4	3	2	85	13419
3586	4	3	2	86	13731
3587	4	3	2	87	14044
3588	4	3	2	88	14357
3589	4	3	2	89	14669
3590	4	3	2	90	14982
3591	4	3	2	91	15295
3592	4	3	2	92	15607
3593	4	3	2	93	15920
3594	4	3	2	94	16232
3595	4	3	2	95	16545
3596	4	3	2	96	16858
3597	4	3	2	97	17170
3598	4	3	2	98	17483
3599	4	3	2	99	17796
3600	4	3	2	100	18108
3601	1	1	4	1	1
3602	1	1	4	2	1
3603	1	1	4	3	1
3604	1	1	4	4	1
3605	1	1	4	5	1
3606	1	1	4	6	1
3607	1	1	4	7	1
3608	1	1	4	8	1
3609	1	1	4	9	1
3610	1	1	4	10	1
3611	1	1	4	11	1
3612	1	1	4	12	1
3613	1	1	4	13	1
3614	1	1	4	14	1
3615	1	1	4	15	1
3616	1	1	4	16	1
3617	1	1	4	17	1
3618	1	1	4	18	1
3619	1	1	4	19	1
3620	1	1	4	20	1
3621	1	1	4	21	1
3622	1	1	4	22	1
3623	1	1	4	23	1
3624	1	1	4	24	1
3625	1	1	4	25	1
3626	1	1	4	26	1
3627	1	1	4	27	1
3628	1	1	4	28	1
3629	1	1	4	29	1
3630	1	1	4	30	1
3631	1	1	4	31	1
3632	1	1	4	32	1
3633	1	1	4	33	1
3634	1	1	4	34	1
3635	1	1	4	35	1
3636	1	1	4	36	1
3637	1	1	4	37	1
3638	1	1	4	38	1
3639	1	1	4	39	1
3640	1	1	4	40	1
3641	1	1	4	41	1
3642	1	1	4	42	1
3643	1	1	4	43	1
3644	1	1	4	44	1
3645	1	1	4	45	1
3646	1	1	4	46	1
3647	1	1	4	47	1
3648	1	1	4	48	1
3649	1	1	4	49	1
3650	1	1	4	50	1
3651	1	1	4	51	1
3652	1	1	4	52	1
3653	1	1	4	53	1
3654	1	1	4	54	1
3655	1	1	4	55	1
3656	1	1	4	56	1
3657	1	1	4	57	1
3658	1	1	4	58	1
3659	1	1	4	59	1
3660	1	1	4	60	1
3661	1	1	4	61	1
3662	1	1	4	62	1
3663	1	1	4	63	1
3664	1	1	4	64	1
3665	1	1	4	65	1
3666	1	1	4	66	1
3667	1	1	4	67	1
3668	1	1	4	68	1
3669	1	1	4	69	1
3670	1	1	4	70	1
3671	1	1	4	71	1
3672	1	1	4	72	1
3673	1	1	4	73	1
3674	1	1	4	74	1
3675	1	1	4	75	1
3676	1	1	4	76	1
3677	1	1	4	77	1
3678	1	1	4	78	1
3679	1	1	4	79	1
3680	1	1	4	80	1
3681	1	1	4	81	1
3682	1	1	4	82	1
3683	1	1	4	83	1
3684	1	1	4	84	1
3685	1	1	4	85	1
3686	1	1	4	86	1
3687	1	1	4	87	1
3688	1	1	4	88	1
3689	1	1	4	89	1
3690	1	1	4	90	1
3691	1	1	4	91	1
3692	1	1	4	92	1
3693	1	1	4	93	1
3694	1	1	4	94	1
3695	1	1	4	95	1
3696	1	1	4	96	1
3697	1	1	4	97	1
3698	1	1	4	98	1
3699	1	1	4	99	1
3700	1	1	4	100	1
3701	1	1	4	101	1
3702	1	1	4	102	1
3703	1	1	4	103	1
3704	1	1	4	104	1
3705	1	1	4	105	1
3706	1	2	4	1	1
3707	1	2	4	2	1
3708	1	2	4	3	1
3709	1	2	4	4	1
3710	1	2	4	5	1
3711	1	2	4	6	1
3712	1	2	4	7	1
3713	1	2	4	8	1
3714	1	2	4	9	1
3715	1	2	4	10	1
3716	1	2	4	11	1
3717	1	2	4	12	1
3718	1	2	4	13	1
3719	1	2	4	14	1
3720	1	2	4	15	1
3721	1	2	4	16	1
3722	1	2	4	17	1
3723	1	2	4	18	1
3724	1	2	4	19	1
3725	1	2	4	20	1
3726	1	2	4	21	1
3727	1	2	4	22	1
3728	1	2	4	23	1
3729	1	2	4	24	1
3730	1	2	4	25	1
3731	1	2	4	26	1
3732	1	2	4	27	1
3733	1	2	4	28	1
3734	1	2	4	29	1
3735	1	2	4	30	1
3736	1	2	4	31	1
3737	1	2	4	32	1
3738	1	2	4	33	1
3739	1	2	4	34	1
3740	1	2	4	35	1
3741	1	2	4	36	1
3742	1	2	4	37	1
3743	1	2	4	38	1
3744	1	2	4	39	1
3745	1	2	4	40	1
3746	1	2	4	41	1
3747	1	2	4	42	1
3748	1	2	4	43	1
3749	1	2	4	44	1
3750	1	2	4	45	1
3751	1	2	4	46	1
3752	1	2	4	47	1
3753	1	2	4	48	1
3754	1	2	4	49	1
3755	1	2	4	50	1
3756	1	2	4	51	1
3757	1	2	4	52	1
3758	1	2	4	53	1
3759	1	2	4	54	1
3760	1	2	4	55	1
3761	1	2	4	56	1
3762	1	2	4	57	1
3763	1	2	4	58	1
3764	1	2	4	59	1
3765	1	2	4	60	1
3766	1	2	4	61	1
3767	1	2	4	62	1
3768	1	2	4	63	1
3769	1	2	4	64	1
3770	1	2	4	65	1
3771	1	2	4	66	1
3772	1	2	4	67	1
3773	1	2	4	68	1
3774	1	2	4	69	1
3775	1	2	4	70	1
3776	1	2	4	71	1
3777	1	2	4	72	1
3778	1	2	4	73	1
3779	1	2	4	74	1
3780	1	2	4	75	1
3781	1	2	4	76	1
3782	1	2	4	77	1
3783	1	2	4	78	1
3784	1	2	4	79	1
3785	1	2	4	80	1
3786	1	2	4	81	1
3787	1	2	4	82	1
3788	1	2	4	83	1
3789	1	2	4	84	1
3790	1	2	4	85	1
3791	1	2	4	86	1
3792	1	2	4	87	1
3793	1	2	4	88	1
3794	1	2	4	89	1
3795	1	2	4	90	1
3796	1	2	4	91	1
3797	1	2	4	92	1
3798	1	2	4	93	1
3799	1	2	4	94	1
3800	1	2	4	95	1
3801	1	2	4	96	1
3802	1	2	4	97	1
3803	1	2	4	98	1
3804	1	2	4	99	1
3805	1	2	4	100	1
3806	1	2	4	101	1
3807	1	2	4	102	1
3808	1	2	4	103	1
3809	1	2	4	104	1
3810	1	2	4	105	1
3811	1	3	4	1	1
3812	1	3	4	2	1
3813	1	3	4	3	1
3814	1	3	4	4	1
3815	1	3	4	5	1
3816	1	3	4	6	1
3817	1	3	4	7	1
3818	1	3	4	8	1
3819	1	3	4	9	1
3820	1	3	4	10	1
3821	1	3	4	11	1
3822	1	3	4	12	1
3823	1	3	4	13	1
3824	1	3	4	14	1
3825	1	3	4	15	1
3826	1	3	4	16	1
3827	1	3	4	17	1
3828	1	3	4	18	1
3829	1	3	4	19	1
3830	1	3	4	20	1
3831	1	3	4	21	1
3832	1	3	4	22	1
3833	1	3	4	23	1
3834	1	3	4	24	1
3835	1	3	4	25	1
3836	1	3	4	26	1
3837	1	3	4	27	1
3838	1	3	4	28	1
3839	1	3	4	29	1
3840	1	3	4	30	1
3841	1	3	4	31	1
3842	1	3	4	32	1
3843	1	3	4	33	1
3844	1	3	4	34	1
3845	1	3	4	35	1
3846	1	3	4	36	1
3847	1	3	4	37	1
3848	1	3	4	38	1
3849	1	3	4	39	1
3850	1	3	4	40	1
3851	1	3	4	41	1
3852	1	3	4	42	1
3853	1	3	4	43	1
3854	1	3	4	44	1
3855	1	3	4	45	1
3856	1	3	4	46	1
3857	1	3	4	47	1
3858	1	3	4	48	1
3859	1	3	4	49	1
3860	1	3	4	50	1
3861	1	3	4	51	1
3862	1	3	4	52	1
3863	1	3	4	53	1
3864	1	3	4	54	1
3865	1	3	4	55	1
3866	1	3	4	56	1
3867	1	3	4	57	1
3868	1	3	4	58	1
3869	1	3	4	59	1
3870	1	3	4	60	1
3871	1	3	4	61	1
3872	1	3	4	62	1
3873	1	3	4	63	1
3874	1	3	4	64	1
3875	1	3	4	65	1
3876	1	3	4	66	1
3877	1	3	4	67	1
3878	1	3	4	68	1
3879	1	3	4	69	1
3880	1	3	4	70	1
3881	1	3	4	71	1
3882	1	3	4	72	1
3883	1	3	4	73	1
3884	1	3	4	74	1
3885	1	3	4	75	1
3886	1	3	4	76	1
3887	1	3	4	77	1
3888	1	3	4	78	1
3889	1	3	4	79	1
3890	1	3	4	80	1
3891	1	3	4	81	1
3892	1	3	4	82	1
3893	1	3	4	83	1
3894	1	3	4	84	1
3895	1	3	4	85	1
3896	1	3	4	86	1
3897	1	3	4	87	1
3898	1	3	4	88	1
3899	1	3	4	89	1
3900	1	3	4	90	1
3901	1	3	4	91	1
3902	1	3	4	92	1
3903	1	3	4	93	1
3904	1	3	4	94	1
3905	1	3	4	95	1
3906	1	3	4	96	1
3907	1	3	4	97	1
3908	1	3	4	98	1
3909	1	3	4	99	1
3910	1	3	4	100	1
3911	1	3	4	101	1
3912	1	3	4	102	1
3913	1	3	4	103	1
3914	1	3	4	104	1
3915	1	3	4	105	1
3916	2	1	4	1	1
3917	2	1	4	2	1
3918	2	1	4	3	1
3919	2	1	4	4	1
3920	2	1	4	5	1
3921	2	1	4	6	1
3922	2	1	4	7	1
3923	2	1	4	8	1
3924	2	1	4	9	1
3925	2	1	4	10	1
3926	2	1	4	11	1
3927	2	1	4	12	1
3928	2	1	4	13	1
3929	2	1	4	14	1
3930	2	1	4	15	1
3931	2	1	4	16	1
3932	2	1	4	17	1
3933	2	1	4	18	1
3934	2	1	4	19	1
3935	2	1	4	20	1
3936	2	1	4	21	1
3937	2	1	4	22	1
3938	2	1	4	23	1
3939	2	1	4	24	1
3940	2	1	4	25	1
3941	2	1	4	26	1
3942	2	1	4	27	1
3943	2	1	4	28	1
3944	2	1	4	29	1
3945	2	1	4	30	1
3946	2	1	4	31	1
3947	2	1	4	32	1
3948	2	1	4	33	1
3949	2	1	4	34	1
3950	2	1	4	35	1
3951	2	1	4	36	1
3952	2	1	4	37	1
3953	2	1	4	38	1
3954	2	1	4	39	1
3955	2	1	4	40	1
3956	2	1	4	41	1
3957	2	1	4	42	1
3958	2	1	4	43	1
3959	2	1	4	44	1
3960	2	1	4	45	1
3961	2	1	4	46	1
3962	2	1	4	47	1
3963	2	1	4	48	1
3964	2	1	4	49	1
3965	2	1	4	50	1
3966	2	1	4	51	1
3967	2	1	4	52	1
3968	2	1	4	53	1
3969	2	1	4	54	1
3970	2	1	4	55	1
3971	2	1	4	56	1
3972	2	1	4	57	1
3973	2	1	4	58	1
3974	2	1	4	59	1
3975	2	1	4	60	1
3976	2	1	4	61	1
3977	2	1	4	62	1
3978	2	1	4	63	1
3979	2	1	4	64	1
3980	2	1	4	65	1
3981	2	1	4	66	1
3982	2	1	4	67	1
3983	2	1	4	68	1
3984	2	1	4	69	1
3985	2	1	4	70	1
3986	2	1	4	71	1
3987	2	1	4	72	1
3988	2	1	4	73	1
3989	2	1	4	74	1
3990	2	1	4	75	1
3991	2	1	4	76	1
3992	2	1	4	77	1
3993	2	1	4	78	1
3994	2	1	4	79	1
3995	2	1	4	80	1
3996	2	1	4	81	1
3997	2	1	4	82	1
3998	2	1	4	83	1
3999	2	1	4	84	1
4000	2	1	4	85	1
4001	2	1	4	86	1
4002	2	1	4	87	1
4003	2	1	4	88	1
4004	2	1	4	89	1
4005	2	1	4	90	1
4006	2	1	4	91	1
4007	2	1	4	92	1
4008	2	1	4	93	1
4009	2	1	4	94	1
4010	2	1	4	95	1
4011	2	1	4	96	1
4012	2	1	4	97	1
4013	2	1	4	98	1
4014	2	1	4	99	1
4015	2	1	4	100	1
4016	2	1	4	101	1
4017	2	1	4	102	1
4018	2	1	4	103	1
4019	2	1	4	104	1
4020	2	1	4	105	1
4021	2	2	4	1	1
4022	2	2	4	2	1
4023	2	2	4	3	1
4024	2	2	4	4	1
4025	2	2	4	5	1
4026	2	2	4	6	1
4027	2	2	4	7	1
4028	2	2	4	8	1
4029	2	2	4	9	1
4030	2	2	4	10	1
4031	2	2	4	11	1
4032	2	2	4	12	1
4033	2	2	4	13	1
4034	2	2	4	14	1
4035	2	2	4	15	1
4036	2	2	4	16	1
4037	2	2	4	17	1
4038	2	2	4	18	1
4039	2	2	4	19	1
4040	2	2	4	20	1
4041	2	2	4	21	1
4042	2	2	4	22	1
4043	2	2	4	23	1
4044	2	2	4	24	1
4045	2	2	4	25	1
4046	2	2	4	26	1
4047	2	2	4	27	1
4048	2	2	4	28	1
4049	2	2	4	29	1
4050	2	2	4	30	1
4051	2	2	4	31	1
4052	2	2	4	32	1
4053	2	2	4	33	1
4054	2	2	4	34	1
4055	2	2	4	35	1
4056	2	2	4	36	1
4057	2	2	4	37	1
4058	2	2	4	38	1
4059	2	2	4	39	1
4060	2	2	4	40	1
4061	2	2	4	41	1
4062	2	2	4	42	1
4063	2	2	4	43	1
4064	2	2	4	44	1
4065	2	2	4	45	1
4066	2	2	4	46	1
4067	2	2	4	47	1
4068	2	2	4	48	1
4069	2	2	4	49	1
4070	2	2	4	50	1
4071	2	2	4	51	1
4072	2	2	4	52	1
4073	2	2	4	53	1
4074	2	2	4	54	1
4075	2	2	4	55	1
4076	2	2	4	56	1
4077	2	2	4	57	1
4078	2	2	4	58	1
4079	2	2	4	59	1
4080	2	2	4	60	1
4081	2	2	4	61	1
4082	2	2	4	62	1
4083	2	2	4	63	1
4084	2	2	4	64	1
4085	2	2	4	65	1
4086	2	2	4	66	1
4087	2	2	4	67	1
4088	2	2	4	68	1
4089	2	2	4	69	1
4090	2	2	4	70	1
4091	2	2	4	71	1
4092	2	2	4	72	1
4093	2	2	4	73	1
4094	2	2	4	74	1
4095	2	2	4	75	1
4096	2	2	4	76	1
4097	2	2	4	77	1
4098	2	2	4	78	1
4099	2	2	4	79	1
4100	2	2	4	80	1
4101	2	2	4	81	1
4102	2	2	4	82	1
4103	2	2	4	83	1
4104	2	2	4	84	1
4105	2	2	4	85	1
4106	2	2	4	86	1
4107	2	2	4	87	1
4108	2	2	4	88	1
4109	2	2	4	89	1
4110	2	2	4	90	1
4111	2	2	4	91	1
4112	2	2	4	92	1
4113	2	2	4	93	1
4114	2	2	4	94	1
4115	2	2	4	95	1
4116	2	2	4	96	1
4117	2	2	4	97	1
4118	2	2	4	98	1
4119	2	2	4	99	1
4120	2	2	4	100	1
4121	2	2	4	101	1
4122	2	2	4	102	1
4123	2	2	4	103	1
4124	2	2	4	104	1
4125	2	2	4	105	1
4126	2	3	4	1	1
4127	2	3	4	2	1
4128	2	3	4	3	1
4129	2	3	4	4	1
4130	2	3	4	5	1
4131	2	3	4	6	1
4132	2	3	4	7	1
4133	2	3	4	8	1
4134	2	3	4	9	1
4135	2	3	4	10	1
4136	2	3	4	11	1
4137	2	3	4	12	1
4138	2	3	4	13	1
4139	2	3	4	14	1
4140	2	3	4	15	1
4141	2	3	4	16	1
4142	2	3	4	17	1
4143	2	3	4	18	1
4144	2	3	4	19	1
4145	2	3	4	20	1
4146	2	3	4	21	1
4147	2	3	4	22	1
4148	2	3	4	23	1
4149	2	3	4	24	1
4150	2	3	4	25	1
4151	2	3	4	26	1
4152	2	3	4	27	1
4153	2	3	4	28	1
4154	2	3	4	29	1
4155	2	3	4	30	1
4156	2	3	4	31	1
4157	2	3	4	32	1
4158	2	3	4	33	1
4159	2	3	4	34	1
4160	2	3	4	35	1
4161	2	3	4	36	1
4162	2	3	4	37	1
4163	2	3	4	38	1
4164	2	3	4	39	1
4165	2	3	4	40	1
4166	2	3	4	41	1
4167	2	3	4	42	1
4168	2	3	4	43	1
4169	2	3	4	44	1
4170	2	3	4	45	1
4171	2	3	4	46	1
4172	2	3	4	47	1
4173	2	3	4	48	1
4174	2	3	4	49	1
4175	2	3	4	50	1
4176	2	3	4	51	1
4177	2	3	4	52	1
4178	2	3	4	53	1
4179	2	3	4	54	1
4180	2	3	4	55	1
4181	2	3	4	56	1
4182	2	3	4	57	1
4183	2	3	4	58	1
4184	2	3	4	59	1
4185	2	3	4	60	1
4186	2	3	4	61	1
4187	2	3	4	62	1
4188	2	3	4	63	1
4189	2	3	4	64	1
4190	2	3	4	65	1
4191	2	3	4	66	1
4192	2	3	4	67	1
4193	2	3	4	68	1
4194	2	3	4	69	1
4195	2	3	4	70	1
4196	2	3	4	71	1
4197	2	3	4	72	1
4198	2	3	4	73	1
4199	2	3	4	74	1
4200	2	3	4	75	1
4201	2	3	4	76	1
4202	2	3	4	77	1
4203	2	3	4	78	1
4204	2	3	4	79	1
4205	2	3	4	80	1
4206	2	3	4	81	1
4207	2	3	4	82	1
4208	2	3	4	83	1
4209	2	3	4	84	1
4210	2	3	4	85	1
4211	2	3	4	86	1
4212	2	3	4	87	1
4213	2	3	4	88	1
4214	2	3	4	89	1
4215	2	3	4	90	1
4216	2	3	4	91	1
4217	2	3	4	92	1
4218	2	3	4	93	1
4219	2	3	4	94	1
4220	2	3	4	95	1
4221	2	3	4	96	1
4222	2	3	4	97	1
4223	2	3	4	98	1
4224	2	3	4	99	1
4225	2	3	4	100	1
4226	2	3	4	101	1
4227	2	3	4	102	1
4228	2	3	4	103	1
4229	2	3	4	104	1
4230	2	3	4	105	1
4231	3	1	4	1	1
4232	3	1	4	2	1
4233	3	1	4	3	1
4234	3	1	4	4	1
4235	3	1	4	5	1
4236	3	1	4	6	1
4237	3	1	4	7	1
4238	3	1	4	8	1
4239	3	1	4	9	1
4240	3	1	4	10	1
4241	3	1	4	11	1
4242	3	1	4	12	1
4243	3	1	4	13	1
4244	3	1	4	14	1
4245	3	1	4	15	1
4246	3	1	4	16	1
4247	3	1	4	17	1
4248	3	1	4	18	1
4249	3	1	4	19	1
4250	3	1	4	20	1
4251	3	1	4	21	1
4252	3	1	4	22	1
4253	3	1	4	23	1
4254	3	1	4	24	1
4255	3	1	4	25	1
4256	3	1	4	26	1
4257	3	1	4	27	1
4258	3	1	4	28	1
4259	3	1	4	29	1
4260	3	1	4	30	1
4261	3	1	4	31	1
4262	3	1	4	32	1
4263	3	1	4	33	1
4264	3	1	4	34	1
4265	3	1	4	35	1
4266	3	1	4	36	1
4267	3	1	4	37	1
4268	3	1	4	38	1
4269	3	1	4	39	1
4270	3	1	4	40	1
4271	3	1	4	41	1
4272	3	1	4	42	1
4273	3	1	4	43	1
4274	3	1	4	44	1
4275	3	1	4	45	1
4276	3	1	4	46	1
4277	3	1	4	47	1
4278	3	1	4	48	1
4279	3	1	4	49	1
4280	3	1	4	50	1
4281	3	1	4	51	1
4282	3	1	4	52	1
4283	3	1	4	53	1
4284	3	1	4	54	1
4285	3	1	4	55	1
4286	3	1	4	56	1
4287	3	1	4	57	1
4288	3	1	4	58	1
4289	3	1	4	59	1
4290	3	1	4	60	1
4291	3	1	4	61	1
4292	3	1	4	62	1
4293	3	1	4	63	1
4294	3	1	4	64	1
4295	3	1	4	65	1
4296	3	1	4	66	1
4297	3	1	4	67	1
4298	3	1	4	68	1
4299	3	1	4	69	1
4300	3	1	4	70	1
4301	3	1	4	71	1
4302	3	1	4	72	1
4303	3	1	4	73	1
4304	3	1	4	74	1
4305	3	1	4	75	1
4306	3	1	4	76	1
4307	3	1	4	77	1
4308	3	1	4	78	1
4309	3	1	4	79	1
4310	3	1	4	80	1
4311	3	1	4	81	1
4312	3	1	4	82	1
4313	3	1	4	83	1
4314	3	1	4	84	1
4315	3	1	4	85	1
4316	3	1	4	86	1
4317	3	1	4	87	1
4318	3	1	4	88	1
4319	3	1	4	89	1
4320	3	1	4	90	1
4321	3	1	4	91	1
4322	3	1	4	92	1
4323	3	1	4	93	1
4324	3	1	4	94	1
4325	3	1	4	95	1
4326	3	1	4	96	1
4327	3	1	4	97	1
4328	3	1	4	98	1
4329	3	1	4	99	1
4330	3	1	4	100	1
4331	3	1	4	101	1
4332	3	1	4	102	1
4333	3	1	4	103	1
4334	3	1	4	104	1
4335	3	1	4	105	1
4336	3	2	4	1	1
4337	3	2	4	2	1
4338	3	2	4	3	1
4339	3	2	4	4	1
4340	3	2	4	5	1
4341	3	2	4	6	1
4342	3	2	4	7	1
4343	3	2	4	8	1
4344	3	2	4	9	1
4345	3	2	4	10	1
4346	3	2	4	11	1
4347	3	2	4	12	1
4348	3	2	4	13	1
4349	3	2	4	14	1
4350	3	2	4	15	1
4351	3	2	4	16	1
4352	3	2	4	17	1
4353	3	2	4	18	1
4354	3	2	4	19	1
4355	3	2	4	20	1
4356	3	2	4	21	1
4357	3	2	4	22	1
4358	3	2	4	23	1
4359	3	2	4	24	1
4360	3	2	4	25	1
4361	3	2	4	26	1
4362	3	2	4	27	1
4363	3	2	4	28	1
4364	3	2	4	29	1
4365	3	2	4	30	1
4366	3	2	4	31	1
4367	3	2	4	32	1
4368	3	2	4	33	1
4369	3	2	4	34	1
4370	3	2	4	35	1
4371	3	2	4	36	1
4372	3	2	4	37	1
4373	3	2	4	38	1
4374	3	2	4	39	1
4375	3	2	4	40	1
4376	3	2	4	41	1
4377	3	2	4	42	1
4378	3	2	4	43	1
4379	3	2	4	44	1
4380	3	2	4	45	1
4381	3	2	4	46	1
4382	3	2	4	47	1
4383	3	2	4	48	1
4384	3	2	4	49	1
4385	3	2	4	50	1
4386	3	2	4	51	1
4387	3	2	4	52	1
4388	3	2	4	53	1
4389	3	2	4	54	1
4390	3	2	4	55	1
4391	3	2	4	56	1
4392	3	2	4	57	1
4393	3	2	4	58	1
4394	3	2	4	59	1
4395	3	2	4	60	1
4396	3	2	4	61	1
4397	3	2	4	62	1
4398	3	2	4	63	1
4399	3	2	4	64	1
4400	3	2	4	65	1
4401	3	2	4	66	1
4402	3	2	4	67	1
4403	3	2	4	68	1
4404	3	2	4	69	1
4405	3	2	4	70	1
4406	3	2	4	71	1
4407	3	2	4	72	1
4408	3	2	4	73	1
4409	3	2	4	74	1
4410	3	2	4	75	1
4411	3	2	4	76	1
4412	3	2	4	77	1
4413	3	2	4	78	1
4414	3	2	4	79	1
4415	3	2	4	80	1
4416	3	2	4	81	1
4417	3	2	4	82	1
4418	3	2	4	83	1
4419	3	2	4	84	1
4420	3	2	4	85	1
4421	3	2	4	86	1
4422	3	2	4	87	1
4423	3	2	4	88	1
4424	3	2	4	89	1
4425	3	2	4	90	1
4426	3	2	4	91	1
4427	3	2	4	92	1
4428	3	2	4	93	1
4429	3	2	4	94	1
4430	3	2	4	95	1
4431	3	2	4	96	1
4432	3	2	4	97	1
4433	3	2	4	98	1
4434	3	2	4	99	1
4435	3	2	4	100	1
4436	3	2	4	101	1
4437	3	2	4	102	1
4438	3	2	4	103	1
4439	3	2	4	104	1
4440	3	2	4	105	1
4441	3	3	4	1	1
4442	3	3	4	2	1
4443	3	3	4	3	1
4444	3	3	4	4	1
4445	3	3	4	5	1
4446	3	3	4	6	1
4447	3	3	4	7	1
4448	3	3	4	8	1
4449	3	3	4	9	1
4450	3	3	4	10	1
4451	3	3	4	11	1
4452	3	3	4	12	1
4453	3	3	4	13	1
4454	3	3	4	14	1
4455	3	3	4	15	1
4456	3	3	4	16	1
4457	3	3	4	17	1
4458	3	3	4	18	1
4459	3	3	4	19	1
4460	3	3	4	20	1
4461	3	3	4	21	1
4462	3	3	4	22	1
4463	3	3	4	23	1
4464	3	3	4	24	1
4465	3	3	4	25	1
4466	3	3	4	26	1
4467	3	3	4	27	1
4468	3	3	4	28	1
4469	3	3	4	29	1
4470	3	3	4	30	1
4471	3	3	4	31	1
4472	3	3	4	32	1
4473	3	3	4	33	1
4474	3	3	4	34	1
4475	3	3	4	35	1
4476	3	3	4	36	1
4477	3	3	4	37	1
4478	3	3	4	38	1
4479	3	3	4	39	1
4480	3	3	4	40	1
4481	3	3	4	41	1
4482	3	3	4	42	1
4483	3	3	4	43	1
4484	3	3	4	44	1
4485	3	3	4	45	1
4486	3	3	4	46	1
4487	3	3	4	47	1
4488	3	3	4	48	1
4489	3	3	4	49	1
4490	3	3	4	50	1
4491	3	3	4	51	1
4492	3	3	4	52	1
4493	3	3	4	53	1
4494	3	3	4	54	1
4495	3	3	4	55	1
4496	3	3	4	56	1
4497	3	3	4	57	1
4498	3	3	4	58	1
4499	3	3	4	59	1
4500	3	3	4	60	1
4501	3	3	4	61	1
4502	3	3	4	62	1
4503	3	3	4	63	1
4504	3	3	4	64	1
4505	3	3	4	65	1
4506	3	3	4	66	1
4507	3	3	4	67	1
4508	3	3	4	68	1
4509	3	3	4	69	1
4510	3	3	4	70	1
4511	3	3	4	71	1
4512	3	3	4	72	1
4513	3	3	4	73	1
4514	3	3	4	74	1
4515	3	3	4	75	1
4516	3	3	4	76	1
4517	3	3	4	77	1
4518	3	3	4	78	1
4519	3	3	4	79	1
4520	3	3	4	80	1
4521	3	3	4	81	1
4522	3	3	4	82	1
4523	3	3	4	83	1
4524	3	3	4	84	1
4525	3	3	4	85	1
4526	3	3	4	86	1
4527	3	3	4	87	1
4528	3	3	4	88	1
4529	3	3	4	89	1
4530	3	3	4	90	1
4531	3	3	4	91	1
4532	3	3	4	92	1
4533	3	3	4	93	1
4534	3	3	4	94	1
4535	3	3	4	95	1
4536	3	3	4	96	1
4537	3	3	4	97	1
4538	3	3	4	98	1
4539	3	3	4	99	1
4540	3	3	4	100	1
4541	3	3	4	101	1
4542	3	3	4	102	1
4543	3	3	4	103	1
4544	3	3	4	104	1
4545	3	3	4	105	1
4546	4	1	4	1	1
4547	4	1	4	2	1
4548	4	1	4	3	1
4549	4	1	4	4	1
4550	4	1	4	5	1
4551	4	1	4	6	1
4552	4	1	4	7	1
4553	4	1	4	8	1
4554	4	1	4	9	1
4555	4	1	4	10	1
4556	4	1	4	11	1
4557	4	1	4	12	1
4558	4	1	4	13	1
4559	4	1	4	14	1
4560	4	1	4	15	1
4561	4	1	4	16	1
4562	4	1	4	17	1
4563	4	1	4	18	1
4564	4	1	4	19	1
4565	4	1	4	20	1
4566	4	1	4	21	1
4567	4	1	4	22	1
4568	4	1	4	23	1
4569	4	1	4	24	1
4570	4	1	4	25	1
4571	4	1	4	26	1
4572	4	1	4	27	1
4573	4	1	4	28	1
4574	4	1	4	29	1
4575	4	1	4	30	1
4576	4	1	4	31	1
4577	4	1	4	32	1
4578	4	1	4	33	1
4579	4	1	4	34	1
4580	4	1	4	35	1
4581	4	1	4	36	1
4582	4	1	4	37	1
4583	4	1	4	38	1
4584	4	1	4	39	1
4585	4	1	4	40	1
4586	4	1	4	41	1
4587	4	1	4	42	1
4588	4	1	4	43	1
4589	4	1	4	44	1
4590	4	1	4	45	1
4591	4	1	4	46	1
4592	4	1	4	47	1
4593	4	1	4	48	1
4594	4	1	4	49	1
4595	4	1	4	50	1
4596	4	1	4	51	1
4597	4	1	4	52	1
4598	4	1	4	53	1
4599	4	1	4	54	1
4600	4	1	4	55	1
4601	4	1	4	56	1
4602	4	1	4	57	1
4603	4	1	4	58	1
4604	4	1	4	59	1
4605	4	1	4	60	1
4606	4	1	4	61	1
4607	4	1	4	62	1
4608	4	1	4	63	1
4609	4	1	4	64	1
4610	4	1	4	65	1
4611	4	1	4	66	1
4612	4	1	4	67	1
4613	4	1	4	68	1
4614	4	1	4	69	1
4615	4	1	4	70	1
4616	4	1	4	71	1
4617	4	1	4	72	1
4618	4	1	4	73	1
4619	4	1	4	74	1
4620	4	1	4	75	1
4621	4	1	4	76	1
4622	4	1	4	77	1
4623	4	1	4	78	1
4624	4	1	4	79	1
4625	4	1	4	80	1
4626	4	1	4	81	1
4627	4	1	4	82	1
4628	4	1	4	83	1
4629	4	1	4	84	1
4630	4	1	4	85	1
4631	4	1	4	86	1
4632	4	1	4	87	1
4633	4	1	4	88	1
4634	4	1	4	89	1
4635	4	1	4	90	1
4636	4	1	4	91	1
4637	4	1	4	92	1
4638	4	1	4	93	1
4639	4	1	4	94	1
4640	4	1	4	95	1
4641	4	1	4	96	1
4642	4	1	4	97	1
4643	4	1	4	98	1
4644	4	1	4	99	1
4645	4	1	4	100	1
4646	4	1	4	101	1
4647	4	1	4	102	1
4648	4	1	4	103	1
4649	4	1	4	104	1
4650	4	1	4	105	1
4651	4	2	4	1	1
4652	4	2	4	2	1
4653	4	2	4	3	1
4654	4	2	4	4	1
4655	4	2	4	5	1
4656	4	2	4	6	1
4657	4	2	4	7	1
4658	4	2	4	8	1
4659	4	2	4	9	1
4660	4	2	4	10	1
4661	4	2	4	11	1
4662	4	2	4	12	1
4663	4	2	4	13	1
4664	4	2	4	14	1
4665	4	2	4	15	1
4666	4	2	4	16	1
4667	4	2	4	17	1
4668	4	2	4	18	1
4669	4	2	4	19	1
4670	4	2	4	20	1
4671	4	2	4	21	1
4672	4	2	4	22	1
4673	4	2	4	23	1
4674	4	2	4	24	1
4675	4	2	4	25	1
4676	4	2	4	26	1
4677	4	2	4	27	1
4678	4	2	4	28	1
4679	4	2	4	29	1
4680	4	2	4	30	1
4681	4	2	4	31	1
4682	4	2	4	32	1
4683	4	2	4	33	1
4684	4	2	4	34	1
4685	4	2	4	35	1
4686	4	2	4	36	1
4687	4	2	4	37	1
4688	4	2	4	38	1
4689	4	2	4	39	1
4690	4	2	4	40	1
4691	4	2	4	41	1
4692	4	2	4	42	1
4693	4	2	4	43	1
4694	4	2	4	44	1
4695	4	2	4	45	1
4696	4	2	4	46	1
4697	4	2	4	47	1
4698	4	2	4	48	1
4699	4	2	4	49	1
4700	4	2	4	50	1
4701	4	2	4	51	1
4702	4	2	4	52	1
4703	4	2	4	53	1
4704	4	2	4	54	1
4705	4	2	4	55	1
4706	4	2	4	56	1
4707	4	2	4	57	1
4708	4	2	4	58	1
4709	4	2	4	59	1
4710	4	2	4	60	1
4711	4	2	4	61	1
4712	4	2	4	62	1
4713	4	2	4	63	1
4714	4	2	4	64	1
4715	4	2	4	65	1
4716	4	2	4	66	1
4717	4	2	4	67	1
4718	4	2	4	68	1
4719	4	2	4	69	1
4720	4	2	4	70	1
4721	4	2	4	71	1
4722	4	2	4	72	1
4723	4	2	4	73	1
4724	4	2	4	74	1
4725	4	2	4	75	1
4726	4	2	4	76	1
4727	4	2	4	77	1
4728	4	2	4	78	1
4729	4	2	4	79	1
4730	4	2	4	80	1
4731	4	2	4	81	1
4732	4	2	4	82	1
4733	4	2	4	83	1
4734	4	2	4	84	1
4735	4	2	4	85	1
4736	4	2	4	86	1
4737	4	2	4	87	1
4738	4	2	4	88	1
4739	4	2	4	89	1
4740	4	2	4	90	1
4741	4	2	4	91	1
4742	4	2	4	92	1
4743	4	2	4	93	1
4744	4	2	4	94	1
4745	4	2	4	95	1
4746	4	2	4	96	1
4747	4	2	4	97	1
4748	4	2	4	98	1
4749	4	2	4	99	1
4750	4	2	4	100	1
4751	4	2	4	101	1
4752	4	2	4	102	1
4753	4	2	4	103	1
4754	4	2	4	104	1
4755	4	2	4	105	1
4756	4	3	4	1	1
4757	4	3	4	2	1
4758	4	3	4	3	1
4759	4	3	4	4	1
4760	4	3	4	5	1
4761	4	3	4	6	1
4762	4	3	4	7	1
4763	4	3	4	8	1
4764	4	3	4	9	1
4765	4	3	4	10	1
4766	4	3	4	11	1
4767	4	3	4	12	1
4768	4	3	4	13	1
4769	4	3	4	14	1
4770	4	3	4	15	1
4771	4	3	4	16	1
4772	4	3	4	17	1
4773	4	3	4	18	1
4774	4	3	4	19	1
4775	4	3	4	20	1
4776	4	3	4	21	1
4777	4	3	4	22	1
4778	4	3	4	23	1
4779	4	3	4	24	1
4780	4	3	4	25	1
4781	4	3	4	26	1
4782	4	3	4	27	1
4783	4	3	4	28	1
4784	4	3	4	29	1
4785	4	3	4	30	1
4786	4	3	4	31	1
4787	4	3	4	32	1
4788	4	3	4	33	1
4789	4	3	4	34	1
4790	4	3	4	35	1
4791	4	3	4	36	1
4792	4	3	4	37	1
4793	4	3	4	38	1
4794	4	3	4	39	1
4795	4	3	4	40	1
4796	4	3	4	41	1
4797	4	3	4	42	1
4798	4	3	4	43	1
4799	4	3	4	44	1
4800	4	3	4	45	1
4801	4	3	4	46	1
4802	4	3	4	47	1
4803	4	3	4	48	1
4804	4	3	4	49	1
4805	4	3	4	50	1
4806	4	3	4	51	1
4807	4	3	4	52	1
4808	4	3	4	53	1
4809	4	3	4	54	1
4810	4	3	4	55	1
4811	4	3	4	56	1
4812	4	3	4	57	1
4813	4	3	4	58	1
4814	4	3	4	59	1
4815	4	3	4	60	1
4816	4	3	4	61	1
4817	4	3	4	62	1
4818	4	3	4	63	1
4819	4	3	4	64	1
4820	4	3	4	65	1
4821	4	3	4	66	1
4822	4	3	4	67	1
4823	4	3	4	68	1
4824	4	3	4	69	1
4825	4	3	4	70	1
4826	4	3	4	71	1
4827	4	3	4	72	1
4828	4	3	4	73	1
4829	4	3	4	74	1
4830	4	3	4	75	1
4831	4	3	4	76	1
4832	4	3	4	77	1
4833	4	3	4	78	1
4834	4	3	4	79	1
4835	4	3	4	80	1
4836	4	3	4	81	1
4837	4	3	4	82	1
4838	4	3	4	83	1
4839	4	3	4	84	1
4840	4	3	4	85	1
4841	4	3	4	86	1
4842	4	3	4	87	1
4843	4	3	4	88	1
4844	4	3	4	89	1
4845	4	3	4	90	1
4846	4	3	4	91	1
4847	4	3	4	92	1
4848	4	3	4	93	1
4849	4	3	4	94	1
4850	4	3	4	95	1
4851	4	3	4	96	1
4852	4	3	4	97	1
4853	4	3	4	98	1
4854	4	3	4	99	1
4855	4	3	4	100	1
4856	4	3	4	101	1
4857	4	3	4	102	1
4858	4	3	4	103	1
4859	4	3	4	104	1
4860	4	3	4	105	1
4861	1	7	1	1	1
4862	1	7	1	2	1
4863	1	7	1	3	1
4864	1	7	1	4	1
4865	1	7	1	5	1
4866	1	7	1	6	1
4867	1	7	1	7	1
4868	1	7	1	8	1
4869	1	7	1	9	1
4870	1	7	1	10	1
4871	1	7	1	11	1
4872	1	7	1	12	1
4873	1	7	1	13	1
4874	1	7	1	14	1
4875	1	7	1	15	1
4876	1	7	1	16	1
4877	1	7	1	17	1
4878	1	7	1	18	1
4879	1	7	1	19	1
4880	1	7	1	20	1
4881	1	7	1	21	1
4882	1	7	1	22	1
4883	1	7	1	23	1
4884	1	7	1	24	1
4885	1	7	1	25	1
4886	1	7	1	26	1
4887	1	7	1	27	1
4888	1	7	1	28	1
4889	1	7	1	29	1
4890	1	7	1	30	1
4891	1	7	1	31	1
4892	1	7	1	32	1
4893	1	7	1	33	1
4894	1	7	1	34	1
4895	1	7	1	35	1
4896	1	7	1	36	1
4897	1	7	1	37	1
4898	1	7	1	38	1
4899	1	7	1	39	1
4900	1	7	1	40	1
4901	1	7	1	41	1
4902	1	7	1	42	1
4903	1	7	1	43	1
4904	1	7	1	44	1
4905	1	7	1	45	1
4906	1	7	1	46	1
4907	1	7	1	47	1
4908	1	7	1	48	1
4909	1	7	1	49	1
4910	1	7	1	50	1
4911	1	7	1	51	1
4912	1	7	1	52	1
4913	1	7	1	53	1
4914	1	7	1	54	1
4915	1	7	1	55	1
4916	1	7	1	56	1
4917	1	7	1	57	1
4918	1	7	1	58	1
4919	1	7	1	59	1
4920	1	7	1	60	1
4921	1	7	1	61	1
4922	1	7	1	62	1
4923	1	7	1	63	1
4924	1	7	1	64	1
4925	1	7	1	65	1
4926	1	7	1	66	1
4927	1	7	1	67	1
4928	1	7	1	68	1
4929	1	7	1	69	1
4930	1	7	1	70	1
4931	1	7	1	71	1
4932	1	7	1	72	1
4933	1	7	1	73	1
4934	1	7	1	74	1
4935	1	7	1	75	1
4936	1	7	1	76	1
4937	1	7	1	77	1
4938	1	7	1	78	1
4939	1	7	1	79	1
4940	1	7	1	80	1
4941	1	7	1	81	1
4942	1	7	1	82	1
4943	1	7	1	83	1
4944	1	7	1	84	1
4945	1	7	1	85	1
4946	1	7	1	86	1
4947	1	7	1	87	1
4948	1	7	1	88	1
4949	1	7	1	89	1
4950	1	7	1	90	1
4951	1	7	1	91	1
4952	1	7	1	92	1
4953	1	7	1	93	1
4954	1	7	1	94	1
4955	1	7	1	95	1
4956	1	7	1	96	1
4957	1	7	1	97	1
4958	1	7	1	98	1
4959	1	7	1	99	1
4960	1	7	1	100	1
4961	2	7	1	1	1
4962	2	7	1	2	1
4963	2	7	1	3	1
4964	2	7	1	4	1
4965	2	7	1	5	1
4966	2	7	1	6	1
4967	2	7	1	7	1
4968	2	7	1	8	1
4969	2	7	1	9	1
4970	2	7	1	10	1
4971	2	7	1	11	1
4972	2	7	1	12	1
4973	2	7	1	13	1
4974	2	7	1	14	1
4975	2	7	1	15	1
4976	2	7	1	16	1
4977	2	7	1	17	1
4978	2	7	1	18	1
4979	2	7	1	19	1
4980	2	7	1	20	1
4981	2	7	1	21	1
4982	2	7	1	22	1
4983	2	7	1	23	1
4984	2	7	1	24	1
4985	2	7	1	25	1
4986	2	7	1	26	1
4987	2	7	1	27	1
4988	2	7	1	28	1
4989	2	7	1	29	1
4990	2	7	1	30	1
4991	2	7	1	31	1
4992	2	7	1	32	1
4993	2	7	1	33	1
4994	2	7	1	34	1
4995	2	7	1	35	1
4996	2	7	1	36	1
4997	2	7	1	37	1
4998	2	7	1	38	1
4999	2	7	1	39	1
5000	2	7	1	40	1
5001	2	7	1	41	1
5002	2	7	1	42	1
5003	2	7	1	43	1
5004	2	7	1	44	1
5005	2	7	1	45	1
5006	2	7	1	46	1
5007	2	7	1	47	1
5008	2	7	1	48	1
5009	2	7	1	49	1
5010	2	7	1	50	1
5011	2	7	1	51	1
5012	2	7	1	52	1
5013	2	7	1	53	1
5014	2	7	1	54	1
5015	2	7	1	55	1
5016	2	7	1	56	1
5017	2	7	1	57	1
5018	2	7	1	58	1
5019	2	7	1	59	1
5020	2	7	1	60	1
5021	2	7	1	61	1
5022	2	7	1	62	1
5023	2	7	1	63	1
5024	2	7	1	64	1
5025	2	7	1	65	1
5026	2	7	1	66	1
5027	2	7	1	67	1
5028	2	7	1	68	1
5029	2	7	1	69	1
5030	2	7	1	70	1
5031	2	7	1	71	1
5032	2	7	1	72	1
5033	2	7	1	73	1
5034	2	7	1	74	1
5035	2	7	1	75	1
5036	2	7	1	76	1
5037	2	7	1	77	1
5038	2	7	1	78	1
5039	2	7	1	79	1
5040	2	7	1	80	1
5041	2	7	1	81	1
5042	2	7	1	82	1
5043	2	7	1	83	1
5044	2	7	1	84	1
5045	2	7	1	85	1
5046	2	7	1	86	1
5047	2	7	1	87	1
5048	2	7	1	88	1
5049	2	7	1	89	1
5050	2	7	1	90	1
5051	2	7	1	91	1
5052	2	7	1	92	1
5053	2	7	1	93	1
5054	2	7	1	94	1
5055	2	7	1	95	1
5056	2	7	1	96	1
5057	2	7	1	97	1
5058	2	7	1	98	1
5059	2	7	1	99	1
5060	2	7	1	100	1
5061	3	7	1	1	1
5062	3	7	1	2	1
5063	3	7	1	3	1
5064	3	7	1	4	1
5065	3	7	1	5	1
5066	3	7	1	6	1
5067	3	7	1	7	1
5068	3	7	1	8	1
5069	3	7	1	9	1
5070	3	7	1	10	1
5071	3	7	1	11	1
5072	3	7	1	12	1
5073	3	7	1	13	1
5074	3	7	1	14	1
5075	3	7	1	15	1
5076	3	7	1	16	1
5077	3	7	1	17	1
5078	3	7	1	18	1
5079	3	7	1	19	1
5080	3	7	1	20	1
5081	3	7	1	21	1
5082	3	7	1	22	1
5083	3	7	1	23	1
5084	3	7	1	24	1
5085	3	7	1	25	1
5086	3	7	1	26	1
5087	3	7	1	27	1
5088	3	7	1	28	1
5089	3	7	1	29	1
5090	3	7	1	30	1
5091	3	7	1	31	1
5092	3	7	1	32	1
5093	3	7	1	33	1
5094	3	7	1	34	1
5095	3	7	1	35	1
5096	3	7	1	36	1
5097	3	7	1	37	1
5098	3	7	1	38	1
5099	3	7	1	39	1
5100	3	7	1	40	1
5101	3	7	1	41	1
5102	3	7	1	42	1
5103	3	7	1	43	1
5104	3	7	1	44	1
5105	3	7	1	45	1
5106	3	7	1	46	1
5107	3	7	1	47	1
5108	3	7	1	48	1
5109	3	7	1	49	1
5110	3	7	1	50	1
5111	3	7	1	51	1
5112	3	7	1	52	1
5113	3	7	1	53	1
5114	3	7	1	54	1
5115	3	7	1	55	1
5116	3	7	1	56	1
5117	3	7	1	57	1
5118	3	7	1	58	1
5119	3	7	1	59	1
5120	3	7	1	60	1
5121	3	7	1	61	1
5122	3	7	1	62	1
5123	3	7	1	63	1
5124	3	7	1	64	1
5125	3	7	1	65	1
5126	3	7	1	66	1
5127	3	7	1	67	1
5128	3	7	1	68	1
5129	3	7	1	69	1
5130	3	7	1	70	1
5131	3	7	1	71	1
5132	3	7	1	72	1
5133	3	7	1	73	1
5134	3	7	1	74	1
5135	3	7	1	75	1
5136	3	7	1	76	1
5137	3	7	1	77	1
5138	3	7	1	78	1
5139	3	7	1	79	1
5140	3	7	1	80	1
5141	3	7	1	81	1
5142	3	7	1	82	1
5143	3	7	1	83	1
5144	3	7	1	84	1
5145	3	7	1	85	1
5146	3	7	1	86	1
5147	3	7	1	87	1
5148	3	7	1	88	1
5149	3	7	1	89	1
5150	3	7	1	90	1
5151	3	7	1	91	1
5152	3	7	1	92	1
5153	3	7	1	93	1
5154	3	7	1	94	1
5155	3	7	1	95	1
5156	3	7	1	96	1
5157	3	7	1	97	1
5158	3	7	1	98	1
5159	3	7	1	99	1
5160	3	7	1	100	1
5161	4	7	1	1	1
5162	4	7	1	2	1
5163	4	7	1	3	1
5164	4	7	1	4	1
5165	4	7	1	5	1
5166	4	7	1	6	1
5167	4	7	1	7	1
5168	4	7	1	8	1
5169	4	7	1	9	1
5170	4	7	1	10	1
5171	4	7	1	11	1
5172	4	7	1	12	1
5173	4	7	1	13	1
5174	4	7	1	14	1
5175	4	7	1	15	1
5176	4	7	1	16	1
5177	4	7	1	17	1
5178	4	7	1	18	1
5179	4	7	1	19	1
5180	4	7	1	20	1
5181	4	7	1	21	1
5182	4	7	1	22	1
5183	4	7	1	23	1
5184	4	7	1	24	1
5185	4	7	1	25	1
5186	4	7	1	26	1
5187	4	7	1	27	1
5188	4	7	1	28	1
5189	4	7	1	29	1
5190	4	7	1	30	1
5191	4	7	1	31	1
5192	4	7	1	32	1
5193	4	7	1	33	1
5194	4	7	1	34	1
5195	4	7	1	35	1
5196	4	7	1	36	1
5197	4	7	1	37	1
5198	4	7	1	38	1
5199	4	7	1	39	1
5200	4	7	1	40	1
5201	4	7	1	41	1
5202	4	7	1	42	1
5203	4	7	1	43	1
5204	4	7	1	44	1
5205	4	7	1	45	1
5206	4	7	1	46	1
5207	4	7	1	47	1
5208	4	7	1	48	1
5209	4	7	1	49	1
5210	4	7	1	50	1
5211	4	7	1	51	1
5212	4	7	1	52	1
5213	4	7	1	53	1
5214	4	7	1	54	1
5215	4	7	1	55	1
5216	4	7	1	56	1
5217	4	7	1	57	1
5218	4	7	1	58	1
5219	4	7	1	59	1
5220	4	7	1	60	1
5221	4	7	1	61	1
5222	4	7	1	62	1
5223	4	7	1	63	1
5224	4	7	1	64	1
5225	4	7	1	65	1
5226	4	7	1	66	1
5227	4	7	1	67	1
5228	4	7	1	68	1
5229	4	7	1	69	1
5230	4	7	1	70	1
5231	4	7	1	71	1
5232	4	7	1	72	1
5233	4	7	1	73	1
5234	4	7	1	74	1
5235	4	7	1	75	1
5236	4	7	1	76	1
5237	4	7	1	77	1
5238	4	7	1	78	1
5239	4	7	1	79	1
5240	4	7	1	80	1
5241	4	7	1	81	1
5242	4	7	1	82	1
5243	4	7	1	83	1
5244	4	7	1	84	1
5245	4	7	1	85	1
5246	4	7	1	86	1
5247	4	7	1	87	1
5248	4	7	1	88	1
5249	4	7	1	89	1
5250	4	7	1	90	1
5251	4	7	1	91	1
5252	4	7	1	92	1
5253	4	7	1	93	1
5254	4	7	1	94	1
5255	4	7	1	95	1
5256	4	7	1	96	1
5257	4	7	1	97	1
5258	4	7	1	98	1
5259	4	7	1	99	1
5260	4	7	1	100	1
5261	1	1	5	1	110
5262	1	1	5	2	116
5263	1	1	5	3	127
5264	1	1	5	4	132
5265	1	1	5	5	143
5266	1	1	5	6	154
5267	1	1	5	7	165
5268	1	1	5	8	176
5269	1	1	5	9	187
5270	1	1	5	10	198
5271	1	1	5	11	215
5272	1	1	5	12	226
5273	1	1	5	13	237
5274	1	1	5	14	253
5275	1	1	5	15	270
5276	1	1	5	16	281
5277	1	1	5	17	297
5278	1	1	5	18	314
5279	1	1	5	19	336
5280	1	1	5	20	358
5281	1	1	5	21	374
5282	1	1	5	22	396
5283	1	1	5	23	424
5284	1	1	5	24	446
5285	1	1	5	25	473
5286	1	1	5	26	501
5287	1	1	5	27	534
5288	1	1	5	28	561
5289	1	1	5	29	600
5290	1	1	5	30	633
5291	1	1	5	31	671
5292	1	1	5	32	710
5293	1	1	5	33	754
5294	1	1	5	34	798
5295	1	1	5	35	847
5296	1	1	5	36	897
5297	1	1	5	37	952
5298	1	1	5	38	1012
5299	1	1	5	39	1073
5300	1	1	5	40	1133
5301	1	1	5	41	1205
5302	1	1	5	42	1276
5303	1	1	5	43	1353
5304	1	1	5	44	1436
5305	1	1	5	45	1524
5306	1	1	5	46	1612
5307	1	1	5	47	1711
5308	1	1	5	48	1810
5309	1	1	5	49	1920
5310	1	1	5	50	2035
5311	1	1	5	51	2156
5312	1	1	5	52	2288
5313	1	1	5	53	2426
5314	1	1	5	54	2569
5315	1	1	5	55	2723
5316	1	1	5	56	2888
5317	1	1	5	57	3064
5318	1	1	5	58	3245
5319	1	1	5	59	3443
5320	1	1	5	60	3647
5321	1	1	5	61	3850
5322	1	1	5	62	4054
5323	1	1	5	63	4257
5324	1	1	5	64	4461
5325	1	1	5	65	4664
5326	1	1	5	66	4868
5327	1	1	5	67	5071
5328	1	1	5	68	5275
5329	1	1	5	69	5478
5330	1	1	5	70	5682
5331	1	1	5	71	5885
5332	1	1	5	72	6089
5333	1	1	5	73	6292
5334	1	1	5	74	6496
5335	1	1	5	75	6699
5336	1	1	5	76	6903
5337	1	1	5	77	7106
5338	1	1	5	78	7310
5339	1	1	5	79	7513
5340	1	1	5	80	7717
5341	1	1	5	81	7920
5342	1	1	5	82	8124
5343	1	1	5	83	8327
5344	1	1	5	84	8531
5345	1	1	5	85	8734
5346	1	1	5	86	8938
5347	1	1	5	87	9141
5348	1	1	5	88	9345
5349	1	1	5	89	9548
5350	1	1	5	90	9752
5351	1	1	5	91	9955
5352	1	1	5	92	10159
5353	1	1	5	93	10362
5354	1	1	5	94	10566
5355	1	1	5	95	10769
5356	1	1	5	96	10973
5357	1	1	5	97	11176
5358	1	1	5	98	11380
5359	1	1	5	99	11583
5360	1	1	5	100	11787
5361	1	1	6	1	110
5362	1	1	6	2	116
5363	1	1	6	3	127
5364	1	1	6	4	132
5365	1	1	6	5	143
5366	1	1	6	6	154
5367	1	1	6	7	165
5368	1	1	6	8	176
5369	1	1	6	9	187
5370	1	1	6	10	198
5371	1	1	6	11	215
5372	1	1	6	12	226
5373	1	1	6	13	237
5374	1	1	6	14	253
5375	1	1	6	15	270
5376	1	1	6	16	281
5377	1	1	6	17	297
5378	1	1	6	18	314
5379	1	1	6	19	336
5380	1	1	6	20	358
5381	1	1	6	21	374
5382	1	1	6	22	396
5383	1	1	6	23	424
5384	1	1	6	24	446
5385	1	1	6	25	473
5386	1	1	6	26	501
5387	1	1	6	27	534
5388	1	1	6	28	561
5389	1	1	6	29	600
5390	1	1	6	30	633
5391	1	1	6	31	671
5392	1	1	6	32	710
5393	1	1	6	33	754
5394	1	1	6	34	798
5395	1	1	6	35	847
5396	1	1	6	36	897
5397	1	1	6	37	952
5398	1	1	6	38	1012
5399	1	1	6	39	1073
5400	1	1	6	40	1133
5401	1	1	6	41	1205
5402	1	1	6	42	1276
5403	1	1	6	43	1353
5404	1	1	6	44	1436
5405	1	1	6	45	1524
5406	1	1	6	46	1612
5407	1	1	6	47	1711
5408	1	1	6	48	1810
5409	1	1	6	49	1920
5410	1	1	6	50	2035
5411	1	1	6	51	2156
5412	1	1	6	52	2288
5413	1	1	6	53	2426
5414	1	1	6	54	2569
5415	1	1	6	55	2723
5416	1	1	6	56	2888
5417	1	1	6	57	3064
5418	1	1	6	58	3245
5419	1	1	6	59	3443
5420	1	1	6	60	3647
5421	1	1	6	61	3850
5422	1	1	6	62	4054
5423	1	1	6	63	4257
5424	1	1	6	64	4461
5425	1	1	6	65	4664
5426	1	1	6	66	4868
5427	1	1	6	67	5071
5428	1	1	6	68	5275
5429	1	1	6	69	5478
5430	1	1	6	70	5682
5431	1	1	6	71	5885
5432	1	1	6	72	6089
5433	1	1	6	73	6292
5434	1	1	6	74	6496
5435	1	1	6	75	6699
5436	1	1	6	76	6903
5437	1	1	6	77	7106
5438	1	1	6	78	7310
5439	1	1	6	79	7513
5440	1	1	6	80	7717
5441	1	1	6	81	7920
5442	1	1	6	82	8124
5443	1	1	6	83	8327
5444	1	1	6	84	8531
5445	1	1	6	85	8734
5446	1	1	6	86	8938
5447	1	1	6	87	9141
5448	1	1	6	88	9345
5449	1	1	6	89	9548
5450	1	1	6	90	9752
5451	1	1	6	91	9955
5452	1	1	6	92	10159
5453	1	1	6	93	10362
5454	1	1	6	94	10566
5455	1	1	6	95	10769
5456	1	1	6	96	10973
5457	1	1	6	97	11176
5458	1	1	6	98	11380
5459	1	1	6	99	11583
5460	1	1	6	100	11787
