1	1	生命1级	1	0	1580	0	0	1000	1	600	42001
1	2	生命2级	1	0	3160	0	0	1000	10	1200	42002
1	3	生命3级	1	0	6320	0	0	1000	20	1800	42003
1	4	生命4级	1	0	12640	0	0	1000	30	2400	42004
1	5	生命5级	1	0	25290	0	0	1000	40	3000	42005
2	1	攻击1级	2	0	158	0	0	1000	1	600	42006
2	2	攻击2级	2	0	316	0	0	1000	10	1200	42007
2	3	攻击3级	2	0	632	0	0	1000	20	1800	42008
2	4	攻击4级	2	0	1264	0	0	1000	30	2400	42009
2	5	攻击5级	2	0	2529	0	0	1000	40	3000	42010
3	1	防御1级	3	0	253	0	0	1000	1	600	42011
3	2	防御2级	3	0	506	0	0	1000	10	1200	42012
3	3	防御3级	3	0	1011	0	0	1000	20	1800	42013
3	4	防御4级	3	0	2022	0	0	1000	30	2400	42014
3	5	防御5级	3	0	4046	0	0	1000	40	3000	42015
4	1	暴击1级	6	0	79	0	0	1000	1	600	42016
4	2	暴击2级	6	0	158	0	0	1000	10	1200	42017
4	3	暴击3级	6	0	316	0	0	1000	20	1800	42018
4	4	暴击4级	6	0	632	0	0	1000	30	2400	42019
4	5	暴击5级	6	0	1265	0	0	1000	40	3000	42020
5	1	抵挡1级	7	0	79	0	0	1000	1	600	42021
5	2	抵挡2级	7	0	158	0	0	1000	10	1200	42022
5	3	抵挡3级	7	0	316	0	0	1000	20	1800	42023
5	4	抵挡4级	7	0	632	0	0	1000	30	2400	42024
5	5	抵挡5级	7	0	1265	0	0	1000	40	3000	42025
6	1	命中1级	4	0	1	0	0	1000	1	600	42026
6	2	命中2级	4	0	2	0	0	1000	10	1200	42027
6	3	命中3级	4	0	3	0	0	1000	20	1800	42028
6	4	命中4级	4	0	4	0	0	1000	30	2400	42029
6	5	命中5级	4	0	5	0	0	1000	40	3000	42030
7	1	闪避1级	5	0	1	0	0	1000	1	600	42031
7	2	闪避2级	5	0	2	0	0	1000	10	1200	42032
7	3	闪避3级	5	0	3	0	0	1000	20	1800	42033
7	4	闪避4级	5	0	4	0	0	1000	30	2400	42034
7	5	闪避5级	5	0	5	0	0	1000	40	3000	42035
8	1	眩晕攻击1级	14	0	198	0	0	1000	1	600	42036
8	2	眩晕攻击2级	14	0	395	0	0	1000	10	1200	42037
8	3	眩晕攻击3级	14	0	790	0	0	1000	20	1800	42038
8	4	眩晕攻击4级	14	0	1580	0	0	1000	30	2400	42039
8	5	眩晕攻击5级	14	0	3161	0	0	1000	40	3000	42040
9	1	减速攻击1级	15	0	198	0	0	1000	1	600	42041
9	2	减速攻击2级	15	0	395	0	0	1000	10	1200	42042
9	3	减速攻击3级	15	0	790	0	0	1000	20	1800	42043
9	4	减速攻击4级	15	0	1580	0	0	1000	30	2400	42044
9	5	减速攻击5级	15	0	3161	0	0	1000	40	3000	42045
10	1	沉默攻击1级	17	0	198	0	0	1000	1	600	42046
10	2	沉默攻击2级	17	0	395	0	0	1000	10	1200	42047
10	3	沉默攻击3级	17	0	790	0	0	1000	20	1800	42048
10	4	沉默攻击4级	17	0	1580	0	0	1000	30	2400	42049
10	5	沉默攻击5级	17	0	3161	0	0	1000	40	3000	42050
11	1	定身攻击1级	16	0	198	0	0	1000	1	600	42051
11	2	定身攻击2级	16	0	395	0	0	1000	10	1200	42052
11	3	定身攻击3级	16	0	790	0	0	1000	20	1800	42053
11	4	定身攻击4级	16	0	1580	0	0	1000	30	2400	42054
11	5	定身攻击5级	16	0	3161	0	0	1000	40	3000	42055
12	1	眩晕抗性1级	18	0	198	0	0	1000	1	600	42056
12	2	眩晕抗性2级	18	0	395	0	0	1000	10	1200	42057
12	3	眩晕抗性3级	18	0	790	0	0	1000	20	1800	42058
12	4	眩晕抗性4级	18	0	1580	0	0	1000	30	2400	42059
12	5	眩晕抗性5级	18	0	3161	0	0	1000	40	3000	42060
13	1	减速抗性1级	19	0	198	0	0	1000	1	600	42061
13	2	减速抗性2级	19	0	395	0	0	1000	10	1200	42062
13	3	减速抗性3级	19	0	790	0	0	1000	20	1800	42063
13	4	减速抗性4级	19	0	1580	0	0	1000	30	2400	42064
13	5	减速抗性5级	19	0	3161	0	0	1000	40	3000	42065
14	1	沉默抗性1级	21	0	198	0	0	1000	1	600	42066
14	2	沉默抗性2级	21	0	395	0	0	1000	10	1200	42067
14	3	沉默抗性3级	21	0	790	0	0	1000	20	1800	42068
14	4	沉默抗性4级	21	0	1580	0	0	1000	30	2400	42069
14	5	沉默抗性5级	21	0	3161	0	0	1000	40	3000	42070
15	1	定身抗性1级	20	0	198	0	0	1000	1	600	42071
15	2	定身抗性2级	20	0	395	0	0	1000	10	1200	42072
15	3	定身抗性3级	20	0	790	0	0	1000	20	1800	42073
15	4	定身抗性4级	20	0	1580	0	0	1000	30	2400	42074
15	5	定身抗性5级	20	0	3161	0	0	1000	40	3000	42075
16	1	强化猛击1级	0	0	0	1000	4	1000	1	600	42076
16	2	强化猛击2级	0	0	0	1000	8	1000	10	1200	42077
16	3	强化猛击3级	0	0	0	1000	12	1000	20	1800	42078
16	4	强化猛击4级	0	0	0	1000	16	1000	30	2400	42079
16	5	强化猛击5级	0	0	0	1000	20	1000	40	3000	42080
17	1	强化横扫千军1级	0	0	0	1003	5	1000	1	600	42081
17	2	强化横扫千军2级	0	0	0	1003	10	1000	10	1200	42082
17	3	强化横扫千军3级	0	0	0	1003	15	1000	20	1800	42083
17	4	强化横扫千军4级	0	0	0	1003	20	1000	30	2400	42084
17	5	强化横扫千军5级	0	0	0	1003	25	1000	40	3000	42085
18	1	强化冲锋1级	0	0	0	1004	4	1000	1	600	42086
18	2	强化冲锋2级	0	0	0	1004	8	1000	10	1200	42087
18	3	强化冲锋3级	0	0	0	1004	12	1000	20	1800	42088
18	4	强化冲锋4级	0	0	0	1004	16	1000	30	2400	42089
18	5	强化冲锋5级	0	0	0	1004	20	1000	40	3000	42090
19	1	强化冰符1级	0	0	0	1100	4	1000	1	600	42091
19	2	强化冰符2级	0	0	0	1100	8	1000	10	1200	42092
19	3	强化冰符3级	0	0	0	1100	12	1000	20	1800	42093
19	4	强化冰符4级	0	0	0	1100	16	1000	30	2400	42094
19	5	强化冰符5级	0	0	0	1100	20	1000	40	3000	42095
20	1	强化极寒裂冰1级	0	0	0	1102	5	1000	1	600	42096
20	2	强化极寒裂冰2级	0	0	0	1102	10	1000	10	1200	42097
20	3	强化极寒裂冰3级	0	0	0	1102	15	1000	20	1800	42098
20	4	强化极寒裂冰4级	0	0	0	1102	20	1000	30	2400	42099
20	5	强化极寒裂冰5级	0	0	0	1102	25	1000	40	3000	42100
21	1	强化瞬移1级	0	0	0	1104	4	1000	1	600	42101
21	2	强化瞬移2级	0	0	0	1104	8	1000	10	1200	42102
21	3	强化瞬移3级	0	0	0	1104	12	1000	20	1800	42103
21	4	强化瞬移4级	0	0	0	1104	16	1000	30	2400	42104
21	5	强化瞬移5级	0	0	0	1104	20	1000	40	3000	42105
22	1	强化急速箭1级	0	0	0	1200	4	1000	1	600	42106
22	2	强化急速箭2级	0	0	0	1200	8	1000	10	1200	42107
22	3	强化急速箭3级	0	0	0	1200	12	1000	20	1800	42108
22	4	强化急速箭4级	0	0	0	1200	16	1000	30	2400	42109
22	5	强化急速箭5级	0	0	0	1200	20	1000	40	3000	42110
23	1	强化箭雨1级	0	0	0	1202	5	1000	1	600	42111
23	2	强化箭雨2级	0	0	0	1202	10	1000	10	1200	42112
23	3	强化箭雨3级	0	0	0	1202	15	1000	20	1800	42113
23	4	强化箭雨4级	0	0	0	1202	20	1000	30	2400	42114
23	5	强化箭雨5级	0	0	0	1202	25	1000	40	3000	42115
24	1	强化疾行1级	0	0	0	1203	4	1000	1	600	42116
24	2	强化疾行2级	0	0	0	1203	8	1000	10	1200	42117
24	3	强化疾行3级	0	0	0	1203	12	1000	20	1800	42118
24	4	强化疾行4级	0	0	0	1203	16	1000	30	2400	42119
24	5	强化疾行5级	0	0	0	1203	20	1000	40	3000	42120
