1	0	0	300001101_50	2
2	0	0	300001101_50	4
3	0	0	300001101_50	6
4	0	0	300001101_50	8
5	0	0	300001101_100	10
6	0	0	300001101_100	12
7	0	0	300001101_100	14
8	0	0	300001101_100	16
9	0	0	300001101_100	18
10	0	0	300001101_150	20
11	0	0	300001101_150	22
12	0	0	300001101_150	24
13	0	0	300001101_150	26
14	0	0	300001101_150	28
15	0	0	300001101_250	30
16	0	0	300001101_250	32
17	0	0	300001101_250	34
18	0	0	300001101_250	36
19	0	0	300001101_250	38
20	0	0	300001101_350	40
21	0	0	300001101_350	42
22	0	0	300001101_350	44
23	0	0	300001101_350	46
24	0	0	300001101_350	48
25	0	0	300001101_450	50
26	0	0	300001101_450	52
27	0	0	300001101_450	54
28	0	0	300001101_450	56
29	0	0	300001101_450	58
30	0	0	300001101_0	60
1	1	0	300001101_100	2
2	1	0	300001101_100	4
3	1	0	300001101_200	6
4	1	0	300001101_200	8
5	1	0	300001101_300	10
6	1	0	300001101_300	12
7	1	0	300001101_400	14
8	1	0	300001101_400	16
9	1	0	300001101_500	18
10	1	0	300001101_750	20
11	1	0	300001101_850	22
12	1	0	300001101_850	24
13	1	0	300001101_950	26
14	1	0	300001101_1200	28
15	1	0	300001101_1300	30
16	1	0	300001101_1300	32
17	1	0	300001101_1400	34
18	1	0	300001101_1650	36
19	1	0	300001101_1750	38
20	1	0	300001101_1750	40
21	1	0	300001101_1850	42
22	1	0	300001101_2100	44
23	1	0	300001101_2200	46
24	1	0	300001101_2200	48
25	1	0	300001101_2300	50
26	1	0	300001101_2550	52
27	1	0	300001101_2650	54
28	1	0	300001101_2650	56
29	1	0	300001101_2750	58
30	1	0	300001101_0	60
1	2	0	300001101_500	2
2	2	0	300001101_500	4
3	2	0	300001101_1000	6
4	2	0	300001101_1000	8
5	2	0	300001101_2500	10
6	2	0	300001101_2500	12
7	2	0	300001101_3000	14
8	2	0	300001101_4000	16
9	2	0	300001101_4500	18
10	2	0	300001101_4500	20
11	2	0	300001101_6000	22
12	2	0	300001101_6000	24
13	2	0	300001101_6500	26
14	2	0	300001101_7500	28
15	2	0	300001101_8000	30
16	2	0	300001101_8000	32
17	2	0	300001101_9500	34
18	2	0	300001101_9500	36
19	2	0	300001101_10000	38
20	2	0	300001101_11000	40
21	2	0	300001101_11500	42
22	2	0	300001101_11500	44
23	2	0	300001101_13000	46
24	2	0	300001101_14000	48
25	2	0	300001101_14500	50
26	2	0	300001101_16500	52
27	2	0	300001101_17000	54
28	2	0	300001101_17000	56
29	2	0	300001101_19500	58
30	2	0	300001101_0	60
1	3	0	300001101_4000	2
2	3	0	300001101_4000	4
3	3	0	300001101_6000	6
4	3	0	300001101_8000	8
5	3	0	300001101_10000	10
6	3	0	300001101_10000	12
7	3	0	300001101_14000	14
8	3	0	300001101_14000	16
9	3	0	300001101_16000	18
10	3	0	300001101_18000	20
11	3	0	300001101_20000	22
12	3	0	300001101_20000	24
13	3	0	300001101_24000	26
14	3	0	300001101_24000	28
15	3	0	300001101_26000	30
16	3	0	300001101_28000	32
17	3	0	300001101_30000	34
18	3	0	300001101_30000	36
19	3	0	300001101_36000	38
20	3	0	300001101_36000	40
21	3	0	300001101_38000	42
22	3	0	300001101_42000	44
23	3	0	300001101_44000	46
24	3	0	300001101_44000	48
25	3	0	300001101_50000	50
26	3	0	300001101_50000	52
27	3	0	300001101_52000	54
28	3	0	300001101_58000	56
29	3	0	300001101_60000	58
30	3	0	300001101_0	60
