100	1	1	0	0	0	0	0	1	1	2	0	0	0	0	0	0	0	0	0	0	0	0	0	0	0	0	0	0	0	0	0	0	0	0	0	0	0	0	0
101	1	1	0	0	0	800	0	1	1	2	0	0	0	0	0	10	307	100	0	0	0	0	0	0	0	0	0	0	0	0	0	0	0	0	0	0	0	0	0
102	1	1	0	0	0	800	0	1	1	10	1221	100	0	0	0	2	0	0	0	0	0	10	307	100	0	0	0	0	0	0	0	0	0	0	0	0	0	0	0
103	1	1	0	0	0	800	0	1	1	2	0	0	0	0	0	10	307	100	0	0	0	0	0	0	0	0	0	0	0	0	0	0	0	0	0	0	0	0	0
104	1	1	0	0	0	800	0	1	1	2	0	0	0	0	0	10	307	100	0	0	0	0	0	0	0	0	0	0	0	0	0	0	0	0	0	0	0	0	0
105	1	1	0	0	0	0	0	1	1	2	0	0	0	0	0	0	0	0	0	0	0	0	0	0	0	0	0	0	0	0	0	0	0	0	0	0	0	0	0
106	1	1	0	0	0	0	0	1	1	2	0	0	0	0	0	0	0	0	0	0	0	0	0	0	0	0	0	0	0	0	0	0	0	0	0	0	0	0	0
107	1	1	0	0	0	0	0	1	1	2	0	0	0	0	0	0	0	0	0	0	0	0	0	0	0	0	0	0	0	0	0	0	0	0	0	0	0	0	0
108	1	1	0	0	0	0	0	1	1	2	0	0	0	0	0	0	0	0	0	0	0	0	0	0	0	0	0	0	0	0	0	0	0	0	0	0	0	0	0
109	1	1	0	0	0	0	0	1	1	2	0	0	0	0	0	0	0	0	0	0	0	0	0	0	0	0	0	0	0	0	0	0	0	0	0	0	0	0	0
110	1	1	0	0	0	0	0	1	1	2	0	0	0	0	0	0	0	0	0	0	0	0	0	0	0	0	0	0	0	0	0	0	0	0	0	0	0	0	0
111	1	1	0	0	0	0	0	1	1	2	0	0	0	0	0	0	0	0	0	0	0	0	0	0	0	0	0	0	0	0	0	0	0	0	0	0	0	0	0
112	1	1	0	0	0	0	0	1	1	2	0	0	0	0	0	0	0	0	0	0	0	0	0	0	0	0	0	0	0	0	0	0	0	0	0	0	0	0	0
113	1	1	0	0	0	0	0	1	1	2	0	0	0	0	0	0	0	0	0	0	0	0	0	0	0	0	0	0	0	0	0	0	0	0	0	0	0	0	0
114	1	1	0	0	0	0	0	1	1	2	0	0	0	0	0	0	0	0	0	0	0	0	0	0	0	0	0	0	0	0	0	0	0	0	0	0	0	0	0
115	1	1	0	0	0	0	0	1	1	2	0	0	0	0	0	0	0	0	0	0	0	0	0	0	0	0	0	0	0	0	0	0	0	0	0	0	0	0	0
116	1	1	0	0	0	0	0	1	1	2	0	0	0	0	0	0	0	0	0	0	0	0	0	0	0	0	0	0	0	0	0	0	0	0	0	0	0	0	0
117	1	1	0	0	0	0	0	1	1	2	0	0	0	0	0	0	0	0	0	0	0	0	0	0	0	0	0	0	0	0	0	0	0	0	0	0	0	0	0
140	1	1	0	0	0	0	0	1	1	2	0	0	0	0	0	0	0	0	0	0	0	0	0	0	0	0	0	0	0	0	0	0	0	0	0	0	0	0	0
141	1	1	0	0	0	0	0	15	15	2	0	0	0	0	0	0	0	0	0	0	0	0	0	0	0	0	0	0	0	0	0	0	0	0	0	0	0	0	0
142	1	1	0	0	0	0	0	1	1	2	0	0	0	0	0	0	0	0	0	0	0	0	0	0	0	0	0	0	0	0	0	0	0	0	0	0	0	0	0
143	1	1	0	0	0	0	0	10	10	1	0	50000	0	0	0	0	0	0	0	0	0	0	0	0	0	0	0	0	0	0	0	0	0	0	0	0	0	0	0
201	1	1	0	0	0	60000	0	1	1	8	2	0	0	0	0	0	0	0	0	0	0	0	0	0	0	0	0	0	0	0	0	0	0	0	0	0	0	0	0
202	1	1	0	0	0	60000	0	1	1	4	203	5000	100	0	0	0	0	0	0	0	0	0	0	0	0	0	0	0	0	0	0	0	0	0	0	0	0	0	0
203	1	1	0	0	0	60000	0	6	6	5	3	0	0	0	0	0	0	0	0	0	0	0	0	0	0	0	0	0	0	0	0	0	0	0	0	0	0	0	0
204	1	1	0	0	0	1000	0	1	1	24	0	30	100	0	0	2	0	0	0	0	0	0	0	0	0	0	0	0	0	0	0	0	0	0	0	0	0	0	0
121	1	1	0	0	0	1000	0	1	1	0	0	0	0	0	0	0	0	0	0	0	0	0	0	0	0	0	0	0	0	0	0	0	0	0	0	0	0	0	0
123	1	1	0	0	0	30000	0	1	1	0	0	0	0	0	0	0	0	0	0	0	0	0	0	0	0	0	0	0	0	0	0	0	0	0	0	0	0	0	0
300	1	1	0	0	0	0	0	1	1	13	4	0	1	0	0	0	0	0	0	0	0	0	0	0	0	0	0	0	0	0	0	0	0	0	0	0	0	0	0
300	2	1	0	0	0	0	0	1	1	13	4	0	2	0	0	0	0	0	0	0	0	0	0	0	0	0	0	0	0	0	0	0	0	0	0	0	0	0	0
300	3	1	0	0	0	0	0	1	1	13	4	0	3	0	0	0	0	0	0	0	0	0	0	0	0	0	0	0	0	0	0	0	0	0	0	0	0	0	0
300	4	1	0	0	0	0	0	1	1	13	4	0	4	0	0	0	0	0	0	0	0	0	0	0	0	0	0	0	0	0	0	0	0	0	0	0	0	0	0
300	5	1	0	0	0	0	0	1	1	13	4	0	5	0	0	0	0	0	0	0	0	0	0	0	0	0	0	0	0	0	0	0	0	0	0	0	0	0	0
301	1	1	0	0	0	0	0	1	1	13	5	0	1	0	0	0	0	0	0	0	0	0	0	0	0	0	0	0	0	0	0	0	0	0	0	0	0	0	0
301	2	1	0	0	0	0	0	1	1	13	5	0	2	0	0	0	0	0	0	0	0	0	0	0	0	0	0	0	0	0	0	0	0	0	0	0	0	0	0
301	3	1	0	0	0	0	0	1	1	13	5	0	3	0	0	0	0	0	0	0	0	0	0	0	0	0	0	0	0	0	0	0	0	0	0	0	0	0	0
301	4	1	0	0	0	0	0	1	1	13	5	0	4	0	0	0	0	0	0	0	0	0	0	0	0	0	0	0	0	0	0	0	0	0	0	0	0	0	0
301	5	1	0	0	0	0	0	1	1	13	5	0	5	0	0	0	0	0	0	0	0	0	0	0	0	0	0	0	0	0	0	0	0	0	0	0	0	0	0
302	1	1	0	0	0	0	0	1	1	13	2	2	200	0	0	0	0	0	0	0	0	0	0	0	0	0	0	0	0	0	0	0	0	0	0	0	0	0	0
302	2	1	0	0	0	0	0	1	1	13	2	2	400	0	0	0	0	0	0	0	0	0	0	0	0	0	0	0	0	0	0	0	0	0	0	0	0	0	0
302	3	1	0	0	0	0	0	1	1	13	2	2	600	0	0	0	0	0	0	0	0	0	0	0	0	0	0	0	0	0	0	0	0	0	0	0	0	0	0
302	4	1	0	0	0	0	0	1	1	13	2	2	800	0	0	0	0	0	0	0	0	0	0	0	0	0	0	0	0	0	0	0	0	0	0	0	0	0	0
302	5	1	0	0	0	0	0	1	1	13	2	2	1000	0	0	0	0	0	0	0	0	0	0	0	0	0	0	0	0	0	0	0	0	0	0	0	0	0	0
303	1	1	0	0	0	0	0	1	1	13	3	2	200	0	0	0	0	0	0	0	0	0	0	0	0	0	0	0	0	0	0	0	0	0	0	0	0	0	0
303	2	1	0	0	0	0	0	1	1	13	3	2	400	0	0	0	0	0	0	0	0	0	0	0	0	0	0	0	0	0	0	0	0	0	0	0	0	0	0
303	3	1	0	0	0	0	0	1	1	13	3	2	600	0	0	0	0	0	0	0	0	0	0	0	0	0	0	0	0	0	0	0	0	0	0	0	0	0	0
303	4	1	0	0	0	0	0	1	1	13	3	2	800	0	0	0	0	0	0	0	0	0	0	0	0	0	0	0	0	0	0	0	0	0	0	0	0	0	0
303	5	1	0	0	0	0	0	1	1	13	3	2	1000	0	0	0	0	0	0	0	0	0	0	0	0	0	0	0	0	0	0	0	0	0	0	0	0	0	0
304	1	1	0	0	0	0	0	1	1	13	6	2	200	0	0	0	0	0	0	0	0	0	0	0	0	0	0	0	0	0	0	0	0	0	0	0	0	0	0
304	2	1	0	0	0	0	0	1	1	13	6	2	400	0	0	0	0	0	0	0	0	0	0	0	0	0	0	0	0	0	0	0	0	0	0	0	0	0	0
304	3	1	0	0	0	0	0	1	1	13	6	2	600	0	0	0	0	0	0	0	0	0	0	0	0	0	0	0	0	0	0	0	0	0	0	0	0	0	0
304	4	1	0	0	0	0	0	1	1	13	6	2	800	0	0	0	0	0	0	0	0	0	0	0	0	0	0	0	0	0	0	0	0	0	0	0	0	0	0
304	5	1	0	0	0	0	0	1	1	13	6	2	1000	0	0	0	0	0	0	0	0	0	0	0	0	0	0	0	0	0	0	0	0	0	0	0	0	0	0
305	1	1	0	0	0	0	0	1	1	13	7	2	200	0	0	0	0	0	0	0	0	0	0	0	0	0	0	0	0	0	0	0	0	0	0	0	0	0	0
305	2	1	0	0	0	0	0	1	1	13	7	2	400	0	0	0	0	0	0	0	0	0	0	0	0	0	0	0	0	0	0	0	0	0	0	0	0	0	0
305	3	1	0	0	0	0	0	1	1	13	7	2	600	0	0	0	0	0	0	0	0	0	0	0	0	0	0	0	0	0	0	0	0	0	0	0	0	0	0
305	4	1	0	0	0	0	0	1	1	13	7	2	800	0	0	0	0	0	0	0	0	0	0	0	0	0	0	0	0	0	0	0	0	0	0	0	0	0	0
305	5	1	0	0	0	0	0	1	1	13	7	2	1000	0	0	0	0	0	0	0	0	0	0	0	0	0	0	0	0	0	0	0	0	0	0	0	0	0	0
306	1	1	0	0	0	0	0	1	1	13	8	2	1000	0	0	0	0	0	0	0	0	0	0	0	0	0	0	0	0	0	0	0	0	0	0	0	0	0	0
306	2	1	0	0	0	0	0	1	1	13	8	2	1500	0	0	0	0	0	0	0	0	0	0	0	0	0	0	0	0	0	0	0	0	0	0	0	0	0	0
306	3	1	0	0	0	0	0	1	1	13	8	2	2000	0	0	0	0	0	0	0	0	0	0	0	0	0	0	0	0	0	0	0	0	0	0	0	0	0	0
306	4	1	0	0	0	0	0	1	1	13	8	2	2500	0	0	0	0	0	0	0	0	0	0	0	0	0	0	0	0	0	0	0	0	0	0	0	0	0	0
306	5	1	0	0	0	0	0	1	1	13	8	2	3000	0	0	0	0	0	0	0	0	0	0	0	0	0	0	0	0	0	0	0	0	0	0	0	0	0	0
307	1	1	0	0	0	0	0	1	1	22	200	100	0	0	0	0	0	0	0	0	0	0	0	0	0	0	0	0	0	0	0	0	0	0	0	0	0	0	0
307	2	1	0	0	0	0	0	1	1	22	400	100	0	0	0	0	0	0	0	0	0	0	0	0	0	0	0	0	0	0	0	0	0	0	0	0	0	0	0
307	3	1	0	0	0	0	0	1	1	22	600	100	0	0	0	0	0	0	0	0	0	0	0	0	0	0	0	0	0	0	0	0	0	0	0	0	0	0	0
307	4	1	0	0	0	0	0	1	1	22	800	100	0	0	0	0	0	0	0	0	0	0	0	0	0	0	0	0	0	0	0	0	0	0	0	0	0	0	0
307	5	1	0	0	0	0	0	1	1	22	1000	100	0	0	0	0	0	0	0	0	0	0	0	0	0	0	0	0	0	0	0	0	0	0	0	0	0	0	0
308	1	1	0	0	0	0	0	1	1	13	13	2	100	0	0	0	0	0	0	0	0	0	0	0	0	0	0	0	0	0	0	0	0	0	0	0	0	0	0
308	2	1	0	0	0	0	0	1	1	13	13	2	200	0	0	0	0	0	0	0	0	0	0	0	0	0	0	0	0	0	0	0	0	0	0	0	0	0	0
308	3	1	0	0	0	0	0	1	1	13	13	2	300	0	0	0	0	0	0	0	0	0	0	0	0	0	0	0	0	0	0	0	0	0	0	0	0	0	0
308	4	1	0	0	0	0	0	1	1	13	13	2	400	0	0	0	0	0	0	0	0	0	0	0	0	0	0	0	0	0	0	0	0	0	0	0	0	0	0
308	5	1	0	0	0	0	0	1	1	13	13	2	500	0	0	0	0	0	0	0	0	0	0	0	0	0	0	0	0	0	0	0	0	0	0	0	0	0	0
309	1	1	0	0	0	0	0	1	1	13	15	2	200	0	0	13	17	2	200	0	0	0	0	0	0	0	0	0	0	0	0	0	0	0	0	0	0	0	0
309	2	1	0	0	0	0	0	1	1	13	15	2	400	0	0	13	17	2	400	0	0	0	0	0	0	0	0	0	0	0	0	0	0	0	0	0	0	0	0
309	3	1	0	0	0	0	0	1	1	13	15	2	600	0	0	13	17	2	600	0	0	0	0	0	0	0	0	0	0	0	0	0	0	0	0	0	0	0	0
309	4	1	0	0	0	0	0	1	1	13	15	2	800	0	0	13	17	2	800	0	0	0	0	0	0	0	0	0	0	0	0	0	0	0	0	0	0	0	0
309	5	1	0	0	0	0	0	1	1	13	15	2	1000	0	0	13	17	2	1000	0	0	0	0	0	0	0	0	0	0	0	0	0	0	0	0	0	0	0	0
310	1	1	0	0	0	0	0	1	1	13	19	2	200	0	0	13	21	2	200	0	0	0	0	0	0	0	0	0	0	0	0	0	0	0	0	0	0	0	0
310	2	1	0	0	0	0	0	1	1	13	19	2	400	0	0	13	21	2	400	0	0	0	0	0	0	0	0	0	0	0	0	0	0	0	0	0	0	0	0
310	3	1	0	0	0	0	0	1	1	13	19	2	600	0	0	13	21	2	600	0	0	0	0	0	0	0	0	0	0	0	0	0	0	0	0	0	0	0	0
310	4	1	0	0	0	0	0	1	1	13	19	2	800	0	0	13	21	2	800	0	0	0	0	0	0	0	0	0	0	0	0	0	0	0	0	0	0	0	0
310	5	1	0	0	0	0	0	1	1	13	19	2	1000	0	0	13	21	2	1000	0	0	0	0	0	0	0	0	0	0	0	0	0	0	0	0	0	0	0	0
311	1	1	0	0	0	0	0	1	1	13	16	2	200	0	0	13	14	2	200	0	0	0	0	0	0	0	0	0	0	0	0	0	0	0	0	0	0	0	0
311	2	1	0	0	0	0	0	1	1	13	16	2	400	0	0	13	14	2	400	0	0	0	0	0	0	0	0	0	0	0	0	0	0	0	0	0	0	0	0
311	3	1	0	0	0	0	0	1	1	13	16	2	600	0	0	13	14	2	600	0	0	0	0	0	0	0	0	0	0	0	0	0	0	0	0	0	0	0	0
311	4	1	0	0	0	0	0	1	1	13	16	2	800	0	0	13	14	2	800	0	0	0	0	0	0	0	0	0	0	0	0	0	0	0	0	0	0	0	0
311	5	1	0	0	0	0	0	1	1	13	16	2	1000	0	0	13	14	2	1000	0	0	0	0	0	0	0	0	0	0	0	0	0	0	0	0	0	0	0	0
312	1	1	0	0	0	0	0	1	1	13	20	2	200	0	0	13	18	2	200	0	0	0	0	0	0	0	0	0	0	0	0	0	0	0	0	0	0	0	0
312	2	1	0	0	0	0	0	1	1	13	20	2	400	0	0	13	18	2	400	0	0	0	0	0	0	0	0	0	0	0	0	0	0	0	0	0	0	0	0
312	3	1	0	0	0	0	0	1	1	13	20	2	600	0	0	13	18	2	600	0	0	0	0	0	0	0	0	0	0	0	0	0	0	0	0	0	0	0	0
312	4	1	0	0	0	0	0	1	1	13	20	2	800	0	0	13	18	2	800	0	0	0	0	0	0	0	0	0	0	0	0	0	0	0	0	0	0	0	0
312	5	1	0	0	0	0	0	1	1	13	20	2	1000	0	0	13	18	2	1000	0	0	0	0	0	0	0	0	0	0	0	0	0	0	0	0	0	0	0	0
313	1	1	0	0	0	0	0	1	1	13	25	2	200	0	0	0	0	0	0	0	0	0	0	0	0	0	0	0	0	0	0	0	0	0	0	0	0	0	0
313	2	1	0	0	0	0	0	1	1	13	25	2	400	0	0	0	0	0	0	0	0	0	0	0	0	0	0	0	0	0	0	0	0	0	0	0	0	0	0
313	3	1	0	0	0	0	0	1	1	13	25	2	600	0	0	0	0	0	0	0	0	0	0	0	0	0	0	0	0	0	0	0	0	0	0	0	0	0	0
313	4	1	0	0	0	0	0	1	1	13	25	2	800	0	0	0	0	0	0	0	0	0	0	0	0	0	0	0	0	0	0	0	0	0	0	0	0	0	0
313	5	1	0	0	0	0	0	1	1	13	25	2	1000	0	0	0	0	0	0	0	0	0	0	0	0	0	0	0	0	0	0	0	0	0	0	0	0	0	0
314	1	1	0	0	0	0	0	1	1	13	26	2	200	0	0	0	0	0	0	0	0	0	0	0	0	0	0	0	0	0	0	0	0	0	0	0	0	0	0
314	2	1	0	0	0	0	0	1	1	13	26	2	400	0	0	0	0	0	0	0	0	0	0	0	0	0	0	0	0	0	0	0	0	0	0	0	0	0	0
314	3	1	0	0	0	0	0	1	1	13	26	2	600	0	0	0	0	0	0	0	0	0	0	0	0	0	0	0	0	0	0	0	0	0	0	0	0	0	0
314	4	1	0	0	0	0	0	1	1	13	26	2	800	0	0	0	0	0	0	0	0	0	0	0	0	0	0	0	0	0	0	0	0	0	0	0	0	0	0
314	5	1	0	0	0	0	0	1	1	13	26	2	1000	0	0	0	0	0	0	0	0	0	0	0	0	0	0	0	0	0	0	0	0	0	0	0	0	0	0
315	1	1	0	0	0	0	0	1	1	13	2	2	100	0	0	0	0	0	0	0	0	0	0	0	0	0	0	0	0	0	0	0	0	0	0	0	0	0	0
315	2	1	0	0	0	0	0	1	1	13	2	2	200	0	0	0	0	0	0	0	0	0	0	0	0	0	0	0	0	0	0	0	0	0	0	0	0	0	0
315	3	1	0	0	0	0	0	1	1	13	2	2	300	0	0	0	0	0	0	0	0	0	0	0	0	0	0	0	0	0	0	0	0	0	0	0	0	0	0
315	4	1	0	0	0	0	0	1	1	13	2	2	400	0	0	0	0	0	0	0	0	0	0	0	0	0	0	0	0	0	0	0	0	0	0	0	0	0	0
315	5	1	0	0	0	0	0	1	1	13	2	2	500	0	0	0	0	0	0	0	0	0	0	0	0	0	0	0	0	0	0	0	0	0	0	0	0	0	0
316	1	1	0	0	0	0	0	1	1	13	3	2	100	0	0	0	0	0	0	0	0	0	0	0	0	0	0	0	0	0	0	0	0	0	0	0	0	0	0
316	2	1	0	0	0	0	0	1	1	13	3	2	200	0	0	0	0	0	0	0	0	0	0	0	0	0	0	0	0	0	0	0	0	0	0	0	0	0	0
316	3	1	0	0	0	0	0	1	1	13	3	2	300	0	0	0	0	0	0	0	0	0	0	0	0	0	0	0	0	0	0	0	0	0	0	0	0	0	0
316	4	1	0	0	0	0	0	1	1	13	3	2	400	0	0	0	0	0	0	0	0	0	0	0	0	0	0	0	0	0	0	0	0	0	0	0	0	0	0
316	5	1	0	0	0	0	0	1	1	13	3	2	500	0	0	0	0	0	0	0	0	0	0	0	0	0	0	0	0	0	0	0	0	0	0	0	0	0	0
317	1	1	0	0	0	0	0	1	1	13	6	2	100	0	0	0	0	0	0	0	0	0	0	0	0	0	0	0	0	0	0	0	0	0	0	0	0	0	0
317	2	1	0	0	0	0	0	1	1	13	6	2	200	0	0	0	0	0	0	0	0	0	0	0	0	0	0	0	0	0	0	0	0	0	0	0	0	0	0
317	3	1	0	0	0	0	0	1	1	13	6	2	300	0	0	0	0	0	0	0	0	0	0	0	0	0	0	0	0	0	0	0	0	0	0	0	0	0	0
317	4	1	0	0	0	0	0	1	1	13	6	2	400	0	0	0	0	0	0	0	0	0	0	0	0	0	0	0	0	0	0	0	0	0	0	0	0	0	0
317	5	1	0	0	0	0	0	1	1	13	6	2	500	0	0	0	0	0	0	0	0	0	0	0	0	0	0	0	0	0	0	0	0	0	0	0	0	0	0
318	1	1	0	0	0	0	0	1	1	13	7	2	100	0	0	0	0	0	0	0	0	0	0	0	0	0	0	0	0	0	0	0	0	0	0	0	0	0	0
318	2	1	0	0	0	0	0	1	1	13	7	2	200	0	0	0	0	0	0	0	0	0	0	0	0	0	0	0	0	0	0	0	0	0	0	0	0	0	0
318	3	1	0	0	0	0	0	1	1	13	7	2	300	0	0	0	0	0	0	0	0	0	0	0	0	0	0	0	0	0	0	0	0	0	0	0	0	0	0
318	4	1	0	0	0	0	0	1	1	13	7	2	400	0	0	0	0	0	0	0	0	0	0	0	0	0	0	0	0	0	0	0	0	0	0	0	0	0	0
318	5	1	0	0	0	0	0	1	1	13	7	2	500	0	0	0	0	0	0	0	0	0	0	0	0	0	0	0	0	0	0	0	0	0	0	0	0	0	0
319	1	1	0	0	0	0	0	1	1	13	16	2	200	0	0	0	0	0	0	0	0	0	0	0	0	0	0	0	0	0	0	0	0	0	0	0	0	0	0
319	2	1	0	0	0	0	0	1	1	13	16	2	400	0	0	0	0	0	0	0	0	0	0	0	0	0	0	0	0	0	0	0	0	0	0	0	0	0	0
319	3	1	0	0	0	0	0	1	1	13	16	2	600	0	0	0	0	0	0	0	0	0	0	0	0	0	0	0	0	0	0	0	0	0	0	0	0	0	0
319	4	1	0	0	0	0	0	1	1	13	16	2	800	0	0	0	0	0	0	0	0	0	0	0	0	0	0	0	0	0	0	0	0	0	0	0	0	0	0
319	5	1	0	0	0	0	0	1	1	13	16	2	1000	0	0	0	0	0	0	0	0	0	0	0	0	0	0	0	0	0	0	0	0	0	0	0	0	0	0
320	1	1	0	0	0	0	0	1	1	13	17	2	200	0	0	0	0	0	0	0	0	0	0	0	0	0	0	0	0	0	0	0	0	0	0	0	0	0	0
320	2	1	0	0	0	0	0	1	1	13	17	2	400	0	0	0	0	0	0	0	0	0	0	0	0	0	0	0	0	0	0	0	0	0	0	0	0	0	0
320	3	1	0	0	0	0	0	1	1	13	17	2	600	0	0	0	0	0	0	0	0	0	0	0	0	0	0	0	0	0	0	0	0	0	0	0	0	0	0
320	4	1	0	0	0	0	0	1	1	13	17	2	800	0	0	0	0	0	0	0	0	0	0	0	0	0	0	0	0	0	0	0	0	0	0	0	0	0	0
320	5	1	0	0	0	0	0	1	1	13	17	2	1000	0	0	0	0	0	0	0	0	0	0	0	0	0	0	0	0	0	0	0	0	0	0	0	0	0	0
321	1	1	0	0	0	0	0	1	1	13	15	2	200	0	0	0	0	0	0	0	0	0	0	0	0	0	0	0	0	0	0	0	0	0	0	0	0	0	0
321	2	1	0	0	0	0	0	1	1	13	15	2	400	0	0	0	0	0	0	0	0	0	0	0	0	0	0	0	0	0	0	0	0	0	0	0	0	0	0
321	3	1	0	0	0	0	0	1	1	13	15	2	600	0	0	0	0	0	0	0	0	0	0	0	0	0	0	0	0	0	0	0	0	0	0	0	0	0	0
321	4	1	0	0	0	0	0	1	1	13	15	2	800	0	0	0	0	0	0	0	0	0	0	0	0	0	0	0	0	0	0	0	0	0	0	0	0	0	0
321	5	1	0	0	0	0	0	1	1	13	15	2	1000	0	0	0	0	0	0	0	0	0	0	0	0	0	0	0	0	0	0	0	0	0	0	0	0	0	0
322	1	1	0	0	0	0	0	1	1	13	14	2	200	0	0	0	0	0	0	0	0	0	0	0	0	0	0	0	0	0	0	0	0	0	0	0	0	0	0
322	2	1	0	0	0	0	0	1	1	13	14	2	400	0	0	0	0	0	0	0	0	0	0	0	0	0	0	0	0	0	0	0	0	0	0	0	0	0	0
322	3	1	0	0	0	0	0	1	1	13	14	2	600	0	0	0	0	0	0	0	0	0	0	0	0	0	0	0	0	0	0	0	0	0	0	0	0	0	0
322	4	1	0	0	0	0	0	1	1	13	14	2	800	0	0	0	0	0	0	0	0	0	0	0	0	0	0	0	0	0	0	0	0	0	0	0	0	0	0
322	5	1	0	0	0	0	0	1	1	13	14	2	1000	0	0	0	0	0	0	0	0	0	0	0	0	0	0	0	0	0	0	0	0	0	0	0	0	0	0
323	1	1	0	0	0	0	0	1	1	13	20	2	200	0	0	0	0	0	0	0	0	0	0	0	0	0	0	0	0	0	0	0	0	0	0	0	0	0	0
323	2	1	0	0	0	0	0	1	1	13	20	2	400	0	0	0	0	0	0	0	0	0	0	0	0	0	0	0	0	0	0	0	0	0	0	0	0	0	0
323	3	1	0	0	0	0	0	1	1	13	20	2	600	0	0	0	0	0	0	0	0	0	0	0	0	0	0	0	0	0	0	0	0	0	0	0	0	0	0
323	4	1	0	0	0	0	0	1	1	13	20	2	800	0	0	0	0	0	0	0	0	0	0	0	0	0	0	0	0	0	0	0	0	0	0	0	0	0	0
323	5	1	0	0	0	0	0	1	1	13	20	2	1000	0	0	0	0	0	0	0	0	0	0	0	0	0	0	0	0	0	0	0	0	0	0	0	0	0	0
324	1	1	0	0	0	0	0	1	1	13	21	2	200	0	0	0	0	0	0	0	0	0	0	0	0	0	0	0	0	0	0	0	0	0	0	0	0	0	0
324	2	1	0	0	0	0	0	1	1	13	21	2	400	0	0	0	0	0	0	0	0	0	0	0	0	0	0	0	0	0	0	0	0	0	0	0	0	0	0
324	3	1	0	0	0	0	0	1	1	13	21	2	600	0	0	0	0	0	0	0	0	0	0	0	0	0	0	0	0	0	0	0	0	0	0	0	0	0	0
324	4	1	0	0	0	0	0	1	1	13	21	2	800	0	0	0	0	0	0	0	0	0	0	0	0	0	0	0	0	0	0	0	0	0	0	0	0	0	0
324	5	1	0	0	0	0	0	1	1	13	21	2	1000	0	0	0	0	0	0	0	0	0	0	0	0	0	0	0	0	0	0	0	0	0	0	0	0	0	0
325	1	1	0	0	0	0	0	1	1	13	19	2	200	0	0	0	0	0	0	0	0	0	0	0	0	0	0	0	0	0	0	0	0	0	0	0	0	0	0
325	2	1	0	0	0	0	0	1	1	13	19	2	400	0	0	0	0	0	0	0	0	0	0	0	0	0	0	0	0	0	0	0	0	0	0	0	0	0	0
325	3	1	0	0	0	0	0	1	1	13	19	2	600	0	0	0	0	0	0	0	0	0	0	0	0	0	0	0	0	0	0	0	0	0	0	0	0	0	0
325	4	1	0	0	0	0	0	1	1	13	19	2	800	0	0	0	0	0	0	0	0	0	0	0	0	0	0	0	0	0	0	0	0	0	0	0	0	0	0
325	5	1	0	0	0	0	0	1	1	13	19	2	1000	0	0	0	0	0	0	0	0	0	0	0	0	0	0	0	0	0	0	0	0	0	0	0	0	0	0
326	1	1	0	0	0	0	0	1	1	13	18	2	200	0	0	0	0	0	0	0	0	0	0	0	0	0	0	0	0	0	0	0	0	0	0	0	0	0	0
326	2	1	0	0	0	0	0	1	1	13	18	2	400	0	0	0	0	0	0	0	0	0	0	0	0	0	0	0	0	0	0	0	0	0	0	0	0	0	0
326	3	1	0	0	0	0	0	1	1	13	18	2	600	0	0	0	0	0	0	0	0	0	0	0	0	0	0	0	0	0	0	0	0	0	0	0	0	0	0
326	4	1	0	0	0	0	0	1	1	13	18	2	800	0	0	0	0	0	0	0	0	0	0	0	0	0	0	0	0	0	0	0	0	0	0	0	0	0	0
326	5	1	0	0	0	0	0	1	1	13	18	2	1000	0	0	0	0	0	0	0	0	0	0	0	0	0	0	0	0	0	0	0	0	0	0	0	0	0	0
400	1	1	0	0	0	0	0	1	1	13	1	0	600	0	0	0	0	0	0	0	0	0	0	0	0	0	0	0	0	0	0	0	0	0	0	0	0	0	0
400	2	1	0	0	0	0	0	1	1	13	1	0	1200	0	0	0	0	0	0	0	0	0	0	0	0	0	0	0	0	0	0	0	0	0	0	0	0	0	0
400	3	1	0	0	0	0	0	1	1	13	1	0	1800	0	0	0	0	0	0	0	0	0	0	0	0	0	0	0	0	0	0	0	0	0	0	0	0	0	0
400	4	1	0	0	0	0	0	1	1	13	1	0	2400	0	0	0	0	0	0	0	0	0	0	0	0	0	0	0	0	0	0	0	0	0	0	0	0	0	0
400	5	1	0	0	0	0	0	1	1	13	1	0	3000	0	0	0	0	0	0	0	0	0	0	0	0	0	0	0	0	0	0	0	0	0	0	0	0	0	0
400	6	1	0	0	0	0	0	1	1	13	1	0	3600	0	0	0	0	0	0	0	0	0	0	0	0	0	0	0	0	0	0	0	0	0	0	0	0	0	0
400	7	1	0	0	0	0	0	1	1	13	1	0	4200	0	0	0	0	0	0	0	0	0	0	0	0	0	0	0	0	0	0	0	0	0	0	0	0	0	0
400	8	1	0	0	0	0	0	1	1	13	1	0	4800	0	0	0	0	0	0	0	0	0	0	0	0	0	0	0	0	0	0	0	0	0	0	0	0	0	0
400	9	1	0	0	0	0	0	1	1	13	1	0	5400	0	0	0	0	0	0	0	0	0	0	0	0	0	0	0	0	0	0	0	0	0	0	0	0	0	0
400	10	1	0	0	0	0	0	1	1	13	1	0	6000	0	0	0	0	0	0	0	0	0	0	0	0	0	0	0	0	0	0	0	0	0	0	0	0	0	0
402	1	1	0	0	0	0	0	1	1	13	2	0	60	0	0	0	0	0	0	0	0	0	0	0	0	0	0	0	0	0	0	0	0	0	0	0	0	0	0
402	2	1	0	0	0	0	0	1	1	13	2	0	120	0	0	0	0	0	0	0	0	0	0	0	0	0	0	0	0	0	0	0	0	0	0	0	0	0	0
402	3	1	0	0	0	0	0	1	1	13	2	0	180	0	0	0	0	0	0	0	0	0	0	0	0	0	0	0	0	0	0	0	0	0	0	0	0	0	0
402	4	1	0	0	0	0	0	1	1	13	2	0	240	0	0	0	0	0	0	0	0	0	0	0	0	0	0	0	0	0	0	0	0	0	0	0	0	0	0
402	5	1	0	0	0	0	0	1	1	13	2	0	300	0	0	0	0	0	0	0	0	0	0	0	0	0	0	0	0	0	0	0	0	0	0	0	0	0	0
402	6	1	0	0	0	0	0	1	1	13	2	0	360	0	0	0	0	0	0	0	0	0	0	0	0	0	0	0	0	0	0	0	0	0	0	0	0	0	0
402	7	1	0	0	0	0	0	1	1	13	2	0	420	0	0	0	0	0	0	0	0	0	0	0	0	0	0	0	0	0	0	0	0	0	0	0	0	0	0
402	8	1	0	0	0	0	0	1	1	13	2	0	480	0	0	0	0	0	0	0	0	0	0	0	0	0	0	0	0	0	0	0	0	0	0	0	0	0	0
402	9	1	0	0	0	0	0	1	1	13	2	0	540	0	0	0	0	0	0	0	0	0	0	0	0	0	0	0	0	0	0	0	0	0	0	0	0	0	0
402	10	1	0	0	0	0	0	1	1	13	2	0	600	0	0	0	0	0	0	0	0	0	0	0	0	0	0	0	0	0	0	0	0	0	0	0	0	0	0
406	1	1	0	0	0	0	0	1	1	13	3	0	78	0	0	0	0	0	0	0	0	0	0	0	0	0	0	0	0	0	0	0	0	0	0	0	0	0	0
406	2	1	0	0	0	0	0	1	1	13	3	0	156	0	0	0	0	0	0	0	0	0	0	0	0	0	0	0	0	0	0	0	0	0	0	0	0	0	0
406	3	1	0	0	0	0	0	1	1	13	3	0	234	0	0	0	0	0	0	0	0	0	0	0	0	0	0	0	0	0	0	0	0	0	0	0	0	0	0
406	4	1	0	0	0	0	0	1	1	13	3	0	312	0	0	0	0	0	0	0	0	0	0	0	0	0	0	0	0	0	0	0	0	0	0	0	0	0	0
406	5	1	0	0	0	0	0	1	1	13	3	0	390	0	0	0	0	0	0	0	0	0	0	0	0	0	0	0	0	0	0	0	0	0	0	0	0	0	0
406	6	1	0	0	0	0	0	1	1	13	3	0	468	0	0	0	0	0	0	0	0	0	0	0	0	0	0	0	0	0	0	0	0	0	0	0	0	0	0
406	7	1	0	0	0	0	0	1	1	13	3	0	546	0	0	0	0	0	0	0	0	0	0	0	0	0	0	0	0	0	0	0	0	0	0	0	0	0	0
406	8	1	0	0	0	0	0	1	1	13	3	0	624	0	0	0	0	0	0	0	0	0	0	0	0	0	0	0	0	0	0	0	0	0	0	0	0	0	0
406	9	1	0	0	0	0	0	1	1	13	3	0	702	0	0	0	0	0	0	0	0	0	0	0	0	0	0	0	0	0	0	0	0	0	0	0	0	0	0
406	10	1	0	0	0	0	0	1	1	13	3	0	780	0	0	0	0	0	0	0	0	0	0	0	0	0	0	0	0	0	0	0	0	0	0	0	0	0	0
500	1	1	0	0	0	0	0	1	1	13	1	0	200	0	0	0	0	0	0	0	0	0	0	0	0	0	0	0	0	0	0	0	0	0	0	0	0	0	0
500	2	1	0	0	0	0	0	1	1	13	1	0	400	0	0	0	0	0	0	0	0	0	0	0	0	0	0	0	0	0	0	0	0	0	0	0	0	0	0
500	3	1	0	0	0	0	0	1	1	13	1	0	600	0	0	0	0	0	0	0	0	0	0	0	0	0	0	0	0	0	0	0	0	0	0	0	0	0	0
500	4	1	0	0	0	0	0	1	1	13	1	0	800	0	0	0	0	0	0	0	0	0	0	0	0	0	0	0	0	0	0	0	0	0	0	0	0	0	0
500	5	1	0	0	0	0	0	1	1	13	1	0	1000	0	0	0	0	0	0	0	0	0	0	0	0	0	0	0	0	0	0	0	0	0	0	0	0	0	0
501	1	1	0	0	0	0	0	1	1	13	2	0	200	0	0	0	0	0	0	0	0	0	0	0	0	0	0	0	0	0	0	0	0	0	0	0	0	0	0
501	2	1	0	0	0	0	0	1	1	13	2	0	400	0	0	0	0	0	0	0	0	0	0	0	0	0	0	0	0	0	0	0	0	0	0	0	0	0	0
501	3	1	0	0	0	0	0	1	1	13	2	0	600	0	0	0	0	0	0	0	0	0	0	0	0	0	0	0	0	0	0	0	0	0	0	0	0	0	0
501	4	1	0	0	0	0	0	1	1	13	2	0	800	0	0	0	0	0	0	0	0	0	0	0	0	0	0	0	0	0	0	0	0	0	0	0	0	0	0
501	5	1	0	0	0	0	0	1	1	13	2	0	1000	0	0	0	0	0	0	0	0	0	0	0	0	0	0	0	0	0	0	0	0	0	0	0	0	0	0
502	1	1	0	0	0	0	0	1	1	13	3	0	200	0	0	0	0	0	0	0	0	0	0	0	0	0	0	0	0	0	0	0	0	0	0	0	0	0	0
502	2	1	0	0	0	0	0	1	1	13	3	0	400	0	0	0	0	0	0	0	0	0	0	0	0	0	0	0	0	0	0	0	0	0	0	0	0	0	0
502	3	1	0	0	0	0	0	1	1	13	3	0	600	0	0	0	0	0	0	0	0	0	0	0	0	0	0	0	0	0	0	0	0	0	0	0	0	0	0
502	4	1	0	0	0	0	0	1	1	13	3	0	800	0	0	0	0	0	0	0	0	0	0	0	0	0	0	0	0	0	0	0	0	0	0	0	0	0	0
502	5	1	0	0	0	0	0	1	1	13	3	0	1000	0	0	0	0	0	0	0	0	0	0	0	0	0	0	0	0	0	0	0	0	0	0	0	0	0	0
503	1	1	0	0	0	0	0	1	1	13	6	0	200	0	0	0	0	0	0	0	0	0	0	0	0	0	0	0	0	0	0	0	0	0	0	0	0	0	0
503	2	1	0	0	0	0	0	1	1	13	6	0	400	0	0	0	0	0	0	0	0	0	0	0	0	0	0	0	0	0	0	0	0	0	0	0	0	0	0
503	3	1	0	0	0	0	0	1	1	13	6	0	600	0	0	0	0	0	0	0	0	0	0	0	0	0	0	0	0	0	0	0	0	0	0	0	0	0	0
503	4	1	0	0	0	0	0	1	1	13	6	0	800	0	0	0	0	0	0	0	0	0	0	0	0	0	0	0	0	0	0	0	0	0	0	0	0	0	0
503	5	1	0	0	0	0	0	1	1	13	6	0	1000	0	0	0	0	0	0	0	0	0	0	0	0	0	0	0	0	0	0	0	0	0	0	0	0	0	0
504	1	1	0	0	0	0	0	1	1	13	7	0	200	0	0	0	0	0	0	0	0	0	0	0	0	0	0	0	0	0	0	0	0	0	0	0	0	0	0
504	2	1	0	0	0	0	0	1	1	13	7	0	400	0	0	0	0	0	0	0	0	0	0	0	0	0	0	0	0	0	0	0	0	0	0	0	0	0	0
504	3	1	0	0	0	0	0	1	1	13	7	0	600	0	0	0	0	0	0	0	0	0	0	0	0	0	0	0	0	0	0	0	0	0	0	0	0	0	0
504	4	1	0	0	0	0	0	1	1	13	7	0	800	0	0	0	0	0	0	0	0	0	0	0	0	0	0	0	0	0	0	0	0	0	0	0	0	0	0
504	5	1	0	0	0	0	0	1	1	13	7	0	1000	0	0	0	0	0	0	0	0	0	0	0	0	0	0	0	0	0	0	0	0	0	0	0	0	0	0
505	1	1	0	0	0	0	0	1	1	13	4	0	200	0	0	0	0	0	0	0	0	0	0	0	0	0	0	0	0	0	0	0	0	0	0	0	0	0	0
505	2	1	0	0	0	0	0	1	1	13	4	0	400	0	0	0	0	0	0	0	0	0	0	0	0	0	0	0	0	0	0	0	0	0	0	0	0	0	0
505	3	1	0	0	0	0	0	1	1	13	4	0	600	0	0	0	0	0	0	0	0	0	0	0	0	0	0	0	0	0	0	0	0	0	0	0	0	0	0
505	4	1	0	0	0	0	0	1	1	13	4	0	800	0	0	0	0	0	0	0	0	0	0	0	0	0	0	0	0	0	0	0	0	0	0	0	0	0	0
505	5	1	0	0	0	0	0	1	1	13	4	0	1000	0	0	0	0	0	0	0	0	0	0	0	0	0	0	0	0	0	0	0	0	0	0	0	0	0	0
506	1	1	0	0	0	0	0	1	1	13	5	0	200	0	0	0	0	0	0	0	0	0	0	0	0	0	0	0	0	0	0	0	0	0	0	0	0	0	0
506	2	1	0	0	0	0	0	1	1	13	5	0	400	0	0	0	0	0	0	0	0	0	0	0	0	0	0	0	0	0	0	0	0	0	0	0	0	0	0
506	3	1	0	0	0	0	0	1	1	13	5	0	600	0	0	0	0	0	0	0	0	0	0	0	0	0	0	0	0	0	0	0	0	0	0	0	0	0	0
506	4	1	0	0	0	0	0	1	1	13	5	0	800	0	0	0	0	0	0	0	0	0	0	0	0	0	0	0	0	0	0	0	0	0	0	0	0	0	0
506	5	1	0	0	0	0	0	1	1	13	5	0	1000	0	0	0	0	0	0	0	0	0	0	0	0	0	0	0	0	0	0	0	0	0	0	0	0	0	0
507	1	1	0	0	0	0	0	1	1	13	14	0	200	0	0	0	0	0	0	0	0	0	0	0	0	0	0	0	0	0	0	0	0	0	0	0	0	0	0
507	2	1	0	0	0	0	0	1	1	13	14	0	400	0	0	0	0	0	0	0	0	0	0	0	0	0	0	0	0	0	0	0	0	0	0	0	0	0	0
507	3	1	0	0	0	0	0	1	1	13	14	0	600	0	0	0	0	0	0	0	0	0	0	0	0	0	0	0	0	0	0	0	0	0	0	0	0	0	0
507	4	1	0	0	0	0	0	1	1	13	14	0	800	0	0	0	0	0	0	0	0	0	0	0	0	0	0	0	0	0	0	0	0	0	0	0	0	0	0
507	5	1	0	0	0	0	0	1	1	13	14	0	1000	0	0	0	0	0	0	0	0	0	0	0	0	0	0	0	0	0	0	0	0	0	0	0	0	0	0
508	1	1	0	0	0	0	0	1	1	13	15	0	200	0	0	0	0	0	0	0	0	0	0	0	0	0	0	0	0	0	0	0	0	0	0	0	0	0	0
508	2	1	0	0	0	0	0	1	1	13	15	0	400	0	0	0	0	0	0	0	0	0	0	0	0	0	0	0	0	0	0	0	0	0	0	0	0	0	0
508	3	1	0	0	0	0	0	1	1	13	15	0	600	0	0	0	0	0	0	0	0	0	0	0	0	0	0	0	0	0	0	0	0	0	0	0	0	0	0
508	4	1	0	0	0	0	0	1	1	13	15	0	800	0	0	0	0	0	0	0	0	0	0	0	0	0	0	0	0	0	0	0	0	0	0	0	0	0	0
508	5	1	0	0	0	0	0	1	1	13	15	0	1000	0	0	0	0	0	0	0	0	0	0	0	0	0	0	0	0	0	0	0	0	0	0	0	0	0	0
509	1	1	0	0	0	0	0	1	1	13	17	0	200	0	0	0	0	0	0	0	0	0	0	0	0	0	0	0	0	0	0	0	0	0	0	0	0	0	0
509	2	1	0	0	0	0	0	1	1	13	17	0	400	0	0	0	0	0	0	0	0	0	0	0	0	0	0	0	0	0	0	0	0	0	0	0	0	0	0
509	3	1	0	0	0	0	0	1	1	13	17	0	600	0	0	0	0	0	0	0	0	0	0	0	0	0	0	0	0	0	0	0	0	0	0	0	0	0	0
509	4	1	0	0	0	0	0	1	1	13	17	0	800	0	0	0	0	0	0	0	0	0	0	0	0	0	0	0	0	0	0	0	0	0	0	0	0	0	0
509	5	1	0	0	0	0	0	1	1	13	17	0	1000	0	0	0	0	0	0	0	0	0	0	0	0	0	0	0	0	0	0	0	0	0	0	0	0	0	0
510	1	1	0	0	0	0	0	1	1	13	16	0	200	0	0	0	0	0	0	0	0	0	0	0	0	0	0	0	0	0	0	0	0	0	0	0	0	0	0
510	2	1	0	0	0	0	0	1	1	13	16	0	400	0	0	0	0	0	0	0	0	0	0	0	0	0	0	0	0	0	0	0	0	0	0	0	0	0	0
510	3	1	0	0	0	0	0	1	1	13	16	0	600	0	0	0	0	0	0	0	0	0	0	0	0	0	0	0	0	0	0	0	0	0	0	0	0	0	0
510	4	1	0	0	0	0	0	1	1	13	16	0	800	0	0	0	0	0	0	0	0	0	0	0	0	0	0	0	0	0	0	0	0	0	0	0	0	0	0
510	5	1	0	0	0	0	0	1	1	13	16	0	1000	0	0	0	0	0	0	0	0	0	0	0	0	0	0	0	0	0	0	0	0	0	0	0	0	0	0
511	1	1	0	0	0	0	0	1	1	13	18	0	200	0	0	0	0	0	0	0	0	0	0	0	0	0	0	0	0	0	0	0	0	0	0	0	0	0	0
511	2	1	0	0	0	0	0	1	1	13	18	0	400	0	0	0	0	0	0	0	0	0	0	0	0	0	0	0	0	0	0	0	0	0	0	0	0	0	0
511	3	1	0	0	0	0	0	1	1	13	18	0	600	0	0	0	0	0	0	0	0	0	0	0	0	0	0	0	0	0	0	0	0	0	0	0	0	0	0
511	4	1	0	0	0	0	0	1	1	13	18	0	800	0	0	0	0	0	0	0	0	0	0	0	0	0	0	0	0	0	0	0	0	0	0	0	0	0	0
511	5	1	0	0	0	0	0	1	1	13	18	0	1000	0	0	0	0	0	0	0	0	0	0	0	0	0	0	0	0	0	0	0	0	0	0	0	0	0	0
512	1	1	0	0	0	0	0	1	1	13	19	0	200	0	0	0	0	0	0	0	0	0	0	0	0	0	0	0	0	0	0	0	0	0	0	0	0	0	0
512	2	1	0	0	0	0	0	1	1	13	19	0	400	0	0	0	0	0	0	0	0	0	0	0	0	0	0	0	0	0	0	0	0	0	0	0	0	0	0
512	3	1	0	0	0	0	0	1	1	13	19	0	600	0	0	0	0	0	0	0	0	0	0	0	0	0	0	0	0	0	0	0	0	0	0	0	0	0	0
512	4	1	0	0	0	0	0	1	1	13	19	0	800	0	0	0	0	0	0	0	0	0	0	0	0	0	0	0	0	0	0	0	0	0	0	0	0	0	0
512	5	1	0	0	0	0	0	1	1	13	19	0	1000	0	0	0	0	0	0	0	0	0	0	0	0	0	0	0	0	0	0	0	0	0	0	0	0	0	0
513	1	1	0	0	0	0	0	1	1	13	21	0	200	0	0	0	0	0	0	0	0	0	0	0	0	0	0	0	0	0	0	0	0	0	0	0	0	0	0
513	2	1	0	0	0	0	0	1	1	13	21	0	400	0	0	0	0	0	0	0	0	0	0	0	0	0	0	0	0	0	0	0	0	0	0	0	0	0	0
513	3	1	0	0	0	0	0	1	1	13	21	0	600	0	0	0	0	0	0	0	0	0	0	0	0	0	0	0	0	0	0	0	0	0	0	0	0	0	0
513	4	1	0	0	0	0	0	1	1	13	21	0	800	0	0	0	0	0	0	0	0	0	0	0	0	0	0	0	0	0	0	0	0	0	0	0	0	0	0
513	5	1	0	0	0	0	0	1	1	13	21	0	1000	0	0	0	0	0	0	0	0	0	0	0	0	0	0	0	0	0	0	0	0	0	0	0	0	0	0
514	1	1	0	0	0	0	0	1	1	13	20	0	200	0	0	0	0	0	0	0	0	0	0	0	0	0	0	0	0	0	0	0	0	0	0	0	0	0	0
514	2	1	0	0	0	0	0	1	1	13	20	0	400	0	0	0	0	0	0	0	0	0	0	0	0	0	0	0	0	0	0	0	0	0	0	0	0	0	0
514	3	1	0	0	0	0	0	1	1	13	20	0	600	0	0	0	0	0	0	0	0	0	0	0	0	0	0	0	0	0	0	0	0	0	0	0	0	0	0
514	4	1	0	0	0	0	0	1	1	13	20	0	800	0	0	0	0	0	0	0	0	0	0	0	0	0	0	0	0	0	0	0	0	0	0	0	0	0	0
514	5	1	0	0	0	0	0	1	1	13	20	0	1000	0	0	0	0	0	0	0	0	0	0	0	0	0	0	0	0	0	0	0	0	0	0	0	0	0	0
601	1	1	0	0	0	0	0	1	1	0	0	0	0	0	0	0	0	0	0	0	0	0	0	0	0	0	0	0	0	0	0	0	0	0	0	0	0	0	0
602	1	1	0	0	0	0	0	1	1	0	0	0	0	0	0	0	0	0	0	0	0	0	0	0	0	0	0	0	0	0	0	0	0	0	0	0	0	0	0
603	1	1	0	0	0	0	0	1	1	0	0	0	0	0	0	0	0	0	0	0	0	0	0	0	0	0	0	0	0	0	0	0	0	0	0	0	0	0	0
604	1	1	0	0	0	0	0	1	1	2	0	0	0	0	0	0	0	0	0	0	0	0	0	0	0	0	0	0	0	0	0	0	0	0	0	0	0	0	0
605	1	1	0	0	0	0	0	1	1	2	0	0	0	0	0	0	0	0	0	0	0	0	0	0	0	0	0	0	0	0	0	0	0	0	0	0	0	0	0
606	1	1	0	0	0	0	0	1	1	2	0	0	0	0	0	0	0	0	0	0	0	0	0	0	0	0	0	0	0	0	0	0	0	0	0	0	0	0	0
607	1	1	0	0	0	20000	0	1	1	2	5000	0	0	0	0	3	603	5000	100	0	0	0	0	0	0	0	0	0	0	0	0	0	0	0	0	0	0	0	0
608	1	1	0	0	0	20000	0	1	1	2	5000	0	0	0	0	3	604	5000	100	0	0	0	0	0	0	0	0	0	0	0	0	0	0	0	0	0	0	0	0
609	1	1	0	0	0	20000	0	1	1	2	5000	0	0	0	0	3	605	5000	100	0	0	0	0	0	0	0	0	0	0	0	0	0	0	0	0	0	0	0	0
610	1	1	0	0	0	12000	0	1	1	2	2000	0	0	0	0	42	605	30000	0	0	0	0	0	0	0	0	0	0	0	0	0	0	0	0	0	0	0	0	0
611	1	1	0	0	0	12000	0	1	1	2	2000	0	0	0	0	42	603	30000	0	0	0	0	0	0	0	0	0	0	0	0	0	0	0	0	0	0	0	0	0
612	1	1	0	0	0	12000	0	1	1	2	2000	0	0	0	0	42	604	30000	0	0	0	0	0	0	0	0	0	0	0	0	0	0	0	0	0	0	0	0	0
1000	1	1	1	0	0	4000	0	1	1	10	1007	100	0	0	0	2	41	0	0	0	0	0	0	0	0	0	0	0	0	0	0	0	0	0	0	0	0	0	0
1000	2	1	2	0	0	4000	0	1	1	10	1007	100	0	0	0	2	70	200	0	0	0	0	0	0	0	0	0	0	0	0	0	0	0	0	0	0	0	0	0
1000	3	1	3	0	0	4000	0	1	1	10	1007	100	0	0	0	2	112	400	0	0	0	0	0	0	0	0	0	0	0	0	0	0	0	0	0	0	0	0	0
1000	4	1	4	0	0	4000	0	1	1	10	1007	100	0	0	0	2	230	600	0	0	0	0	0	0	0	0	0	0	0	0	0	0	0	0	0	0	0	0	0
1000	5	1	5	0	0	4000	0	1	1	10	1007	100	0	0	0	2	376	800	0	0	0	0	0	0	0	0	0	0	0	0	0	0	0	0	0	0	0	0	0
1000	6	1	6	0	0	4000	0	1	1	10	1007	100	0	0	0	2	835	1000	0	0	0	0	0	0	0	0	0	0	0	0	0	0	0	0	0	0	0	0	0
1000	7	1	7	0	0	4000	0	1	1	10	1007	100	0	0	0	2	1506	1200	0	0	0	0	0	0	0	0	0	0	0	0	0	0	0	0	0	0	0	0	0
1000	8	1	8	0	0	4000	0	1	1	10	1007	100	0	0	0	2	2487	1400	0	0	0	0	0	0	0	0	0	0	0	0	0	0	0	0	0	0	0	0	0
1000	9	1	9	0	0	4000	0	1	1	10	1007	100	0	0	0	2	4286	1600	0	0	0	0	0	0	0	0	0	0	0	0	0	0	0	0	0	0	0	0	0
1000	10	1	10	0	0	4000	0	1	1	10	1007	100	0	0	0	2	5876	2000	0	0	0	0	0	0	0	0	0	0	0	0	0	0	0	0	0	0	0	0	0
1001	1	1	1	0	0	6000	0	1	1	3	1001	10000	100	0	0	10	1009	100	0	0	0	0	0	0	0	0	0	0	0	0	0	0	0	0	0	0	0	0	0
1001	2	1	2	0	0	6000	0	1	1	3	1002	10000	100	0	0	10	1009	100	0	0	0	0	0	0	0	0	0	0	0	0	0	0	0	0	0	0	0	0	0
1001	3	1	3	0	0	6000	0	1	1	3	1003	10000	100	0	0	10	1009	100	0	0	0	0	0	0	0	0	0	0	0	0	0	0	0	0	0	0	0	0	0
1001	4	1	4	0	0	6000	0	1	1	3	1004	10000	100	0	0	10	1009	100	0	0	0	0	0	0	0	0	0	0	0	0	0	0	0	0	0	0	0	0	0
1001	5	1	5	0	0	6000	0	1	1	3	1005	10000	100	0	0	10	1009	100	0	0	0	0	0	0	0	0	0	0	0	0	0	0	0	0	0	0	0	0	0
1001	6	1	6	0	0	6000	0	1	1	3	1006	10000	100	0	0	10	1009	100	0	0	0	0	0	0	0	0	0	0	0	0	0	0	0	0	0	0	0	0	0
1001	7	1	7	0	0	6000	0	1	1	3	1007	10000	100	0	0	10	1009	100	0	0	0	0	0	0	0	0	0	0	0	0	0	0	0	0	0	0	0	0	0
1001	8	1	8	0	0	6000	0	1	1	3	1008	10000	100	0	0	10	1009	100	0	0	0	0	0	0	0	0	0	0	0	0	0	0	0	0	0	0	0	0	0
1001	9	1	9	0	0	6000	0	1	1	3	1009	10000	100	0	0	10	1009	100	0	0	0	0	0	0	0	0	0	0	0	0	0	0	0	0	0	0	0	0	0
1001	10	1	10	0	0	6000	0	1	1	3	1010	10000	100	0	0	10	1009	100	0	0	0	0	0	0	0	0	0	0	0	0	0	0	0	0	0	0	0	0	0
1002	1	1	1	0	0	50000	0	1	1	4	1000	10000	100	0	0	10	1010	100	0	0	0	0	0	0	0	0	0	0	0	0	0	0	0	0	0	0	0	0	0
1002	2	1	2	0	0	50000	0	1	1	4	1000	10000	100	0	0	10	1010	100	0	0	0	0	0	0	0	0	0	0	0	0	0	0	0	0	0	0	0	0	0
1002	3	1	3	0	0	50000	0	1	1	4	1000	10000	100	0	0	10	1010	100	0	0	0	0	0	0	0	0	0	0	0	0	0	0	0	0	0	0	0	0	0
1002	4	1	4	0	0	50000	0	1	1	4	1000	10000	100	0	0	10	1010	100	0	0	0	0	0	0	0	0	0	0	0	0	0	0	0	0	0	0	0	0	0
1002	5	1	5	0	0	50000	0	1	1	4	1000	10000	100	0	0	10	1010	100	0	0	0	0	0	0	0	0	0	0	0	0	0	0	0	0	0	0	0	0	0
1002	6	1	6	0	0	50000	0	1	1	4	1000	10000	100	0	0	10	1010	100	0	0	0	0	0	0	0	0	0	0	0	0	0	0	0	0	0	0	0	0	0
1002	7	1	7	0	0	50000	0	1	1	4	1000	10000	100	0	0	10	1010	100	0	0	0	0	0	0	0	0	0	0	0	0	0	0	0	0	0	0	0	0	0
1002	8	1	8	0	0	50000	0	1	1	4	1000	10000	100	0	0	10	1010	100	0	0	0	0	0	0	0	0	0	0	0	0	0	0	0	0	0	0	0	0	0
1002	9	1	9	0	0	50000	0	1	1	4	1000	10000	100	0	0	10	1010	100	0	0	0	0	0	0	0	0	0	0	0	0	0	0	0	0	0	0	0	0	0
1002	10	1	10	0	0	50000	0	1	1	4	1000	10000	100	0	0	10	1010	100	0	0	0	0	0	0	0	0	0	0	0	0	0	0	0	0	0	0	0	0	0
1003	1	1	1	0	0	12000	0	3	3	10	1011	100	1019	100	0	2	679	0	0	0	0	0	0	0	0	0	0	0	0	0	0	0	0	0	0	0	0	0	0
1003	2	1	2	0	0	12000	0	3	3	10	1011	100	1019	100	0	2	868	200	0	0	0	0	0	0	0	0	0	0	0	0	0	0	0	0	0	0	0	0	0
1003	3	1	3	0	0	12000	0	3	3	10	1011	100	1019	100	0	2	1273	400	0	0	0	0	0	0	0	0	0	0	0	0	0	0	0	0	0	0	0	0	0
1003	4	1	4	0	0	12000	0	3	3	10	1011	100	1019	100	0	2	2570	600	0	0	0	0	0	0	0	0	0	0	0	0	0	0	0	0	0	0	0	0	0
1003	5	1	5	0	0	12000	0	3	3	10	1011	100	1019	100	0	2	3967	800	0	0	0	0	0	0	0	0	0	0	0	0	0	0	0	0	0	0	0	0	0
1003	6	1	6	0	0	12000	0	4	4	10	1011	100	1019	100	0	2	6504	1000	0	0	0	0	0	0	0	0	0	0	0	0	0	0	0	0	0	0	0	0	0
1003	7	1	7	0	0	12000	0	4	4	10	1011	100	1019	100	0	2	8613	1200	0	0	0	0	0	0	0	0	0	0	0	0	0	0	0	0	0	0	0	0	0
1003	8	1	8	0	0	12000	0	4	4	10	1011	100	1019	100	0	2	14448	1400	0	0	0	0	0	0	0	0	0	0	0	0	0	0	0	0	0	0	0	0	0
1003	9	1	9	0	0	12000	0	4	4	10	1011	100	1019	100	0	2	21783	1600	0	0	0	0	0	0	0	0	0	0	0	0	0	0	0	0	0	0	0	0	0
1003	10	1	10	0	0	12000	0	4	4	10	1011	100	1019	100	0	2	30056	2000	0	0	0	0	0	0	0	0	0	0	0	0	0	0	0	0	0	0	0	0	0
1004	1	1	1	0	0	18000	0	1	1	2	415	-5000	0	0	0	8	1	0	0	0	0	10	1012	100	1018	100	0	3	7	1500	100	0	0	0	0	0	0	0	0
1004	2	1	2	0	0	18000	0	1	1	2	489	-4700	0	0	0	8	1	0	0	0	0	10	1012	100	1018	100	0	3	7	1500	100	0	0	0	0	0	0	0	0
1004	3	1	3	0	0	18000	0	1	1	2	773	-4400	0	0	0	8	1	0	0	0	0	10	1012	100	1018	100	0	3	7	1500	100	0	0	0	0	0	0	0	0
1004	4	1	4	0	0	18000	0	1	1	2	1413	-4100	0	0	0	8	1	0	0	0	0	10	1012	100	1018	100	0	3	7	1500	100	0	0	0	0	0	0	0	0
1004	5	1	5	0	0	18000	0	1	1	2	2022	-3800	0	0	0	8	1	0	0	0	0	10	1012	100	1018	100	0	3	7	1500	100	0	0	0	0	0	0	0	0
1004	6	1	6	0	0	18000	0	1	1	2	3109	-3500	0	0	0	8	1	0	0	0	0	10	1012	100	1018	100	0	3	7	1500	100	0	0	0	0	0	0	0	0
1004	7	1	7	0	0	18000	0	1	1	2	4421	-3200	0	0	0	8	1	0	0	0	0	10	1012	100	1018	100	0	3	7	1500	100	0	0	0	0	0	0	0	0
1004	8	1	8	0	0	18000	0	1	1	2	6474	-2900	0	0	0	8	1	0	0	0	0	10	1012	100	1018	100	0	3	7	1500	100	0	0	0	0	0	0	0	0
1004	9	1	9	0	0	18000	0	1	1	2	9696	-2500	0	0	0	8	1	0	0	0	0	10	1012	100	1018	100	0	3	7	1500	100	0	0	0	0	0	0	0	0
1004	10	1	10	0	0	18000	0	1	1	2	13228	-2000	0	0	0	8	1	0	0	0	0	10	1012	100	1018	100	0	3	7	1500	100	0	0	0	0	0	0	0	0
1005	1	1	1	0	0	30000	0	1	1	2	0	3000	0	0	0	42	1001	541	0	0	0	40	1013	0	0	0	0	0	0	0	0	0	0	0	0	0	0	0	0
1005	2	1	2	0	0	30000	0	1	1	2	0	3000	0	0	0	42	1001	618	0	0	0	40	1013	0	0	0	0	0	0	0	0	0	0	0	0	0	0	0	0
1005	3	1	3	0	0	30000	0	1	1	2	0	3000	0	0	0	42	1001	934	0	0	0	40	1013	0	0	0	0	0	0	0	0	0	0	0	0	0	0	0	0
1005	4	1	4	0	0	30000	0	1	1	2	0	3000	0	0	0	42	1001	1506	0	0	0	40	1013	0	0	0	0	0	0	0	0	0	0	0	0	0	0	0	0
1005	5	1	5	0	0	30000	0	1	1	2	0	3000	0	0	0	42	1001	2125	0	0	0	40	1013	0	0	0	0	0	0	0	0	0	0	0	0	0	0	0	0
1005	6	1	6	0	0	30000	0	1	1	2	0	3000	0	0	0	42	1001	3349	0	0	0	40	1013	0	0	0	0	0	0	0	0	0	0	0	0	0	0	0	0
1005	7	1	7	0	0	30000	0	1	1	2	0	3000	0	0	0	42	1001	4445	0	0	0	40	1013	0	0	0	0	0	0	0	0	0	0	0	0	0	0	0	0
1005	8	1	8	0	0	30000	0	1	1	2	0	3000	0	0	0	42	1001	5946	0	0	0	40	1013	0	0	0	0	0	0	0	0	0	0	0	0	0	0	0	0
1005	9	1	9	0	0	30000	0	1	1	2	0	3000	0	0	0	42	1001	9041	0	0	0	40	1013	0	0	0	0	0	0	0	0	0	0	0	0	0	0	0	0
1005	10	1	10	0	0	30000	0	1	1	2	0	3000	0	0	0	42	1001	11615	0	0	0	40	1013	0	0	0	0	0	0	0	0	0	0	0	0	0	0	0	0
1007	1	1	0	0	0	0	0	0	0	39	3	200	0	0	0	0	0	0	0	0	0	0	0	0	0	0	0	0	0	0	0	0	0	0	0	0	0	0	0
1007	2	1	0	0	0	0	0	0	0	39	3	400	0	0	0	0	0	0	0	0	0	0	0	0	0	0	0	0	0	0	0	0	0	0	0	0	0	0	0
1007	3	1	0	0	0	0	0	0	0	39	3	600	0	0	0	0	0	0	0	0	0	0	0	0	0	0	0	0	0	0	0	0	0	0	0	0	0	0	0
1007	4	1	0	0	0	0	0	0	0	39	3	800	0	0	0	0	0	0	0	0	0	0	0	0	0	0	0	0	0	0	0	0	0	0	0	0	0	0	0
1007	5	1	0	0	0	0	0	0	0	39	3	1000	0	0	0	0	0	0	0	0	0	0	0	0	0	0	0	0	0	0	0	0	0	0	0	0	0	0	0
1008	1	1	0	0	0	0	0	0	0	12	1000	-200	0	0	0	0	0	0	0	0	0	0	0	0	0	0	0	0	0	0	0	0	0	0	0	0	0	0	0
1008	2	1	0	0	0	0	0	0	0	12	1000	-400	0	0	0	0	0	0	0	0	0	0	0	0	0	0	0	0	0	0	0	0	0	0	0	0	0	0	0
1008	3	1	0	0	0	0	0	0	0	12	1000	-600	0	0	0	0	0	0	0	0	0	0	0	0	0	0	0	0	0	0	0	0	0	0	0	0	0	0	0
1008	4	1	0	0	0	0	0	0	0	12	1000	-800	0	0	0	0	0	0	0	0	0	0	0	0	0	0	0	0	0	0	0	0	0	0	0	0	0	0	0
1008	5	1	0	0	0	0	0	0	0	12	1000	-1000	0	0	0	0	0	0	0	0	0	0	0	0	0	0	0	0	0	0	0	0	0	0	0	0	0	0	0
1009	1	1	0	0	0	0	0	0	0	3	1013	10000	100	0	0	0	0	0	0	0	0	0	0	0	0	0	0	0	0	0	0	0	0	0	0	0	0	0	0
1009	2	1	0	0	0	0	0	0	0	3	1014	10000	100	0	0	0	0	0	0	0	0	0	0	0	0	0	0	0	0	0	0	0	0	0	0	0	0	0	0
1009	3	1	0	0	0	0	0	0	0	3	1015	10000	100	0	0	0	0	0	0	0	0	0	0	0	0	0	0	0	0	0	0	0	0	0	0	0	0	0	0
1009	4	1	0	0	0	0	0	0	0	3	1016	10000	100	0	0	0	0	0	0	0	0	0	0	0	0	0	0	0	0	0	0	0	0	0	0	0	0	0	0
1009	5	1	0	0	0	0	0	0	0	3	1017	10000	100	0	0	0	0	0	0	0	0	0	0	0	0	0	0	0	0	0	0	0	0	0	0	0	0	0	0
1010	1	1	0	0	0	0	0	0	0	4	1018	10000	100	0	0	0	0	0	0	0	0	0	0	0	0	0	0	0	0	0	0	0	0	0	0	0	0	0	0
1010	2	1	0	0	0	0	0	0	0	4	1019	10000	100	0	0	0	0	0	0	0	0	0	0	0	0	0	0	0	0	0	0	0	0	0	0	0	0	0	0
1010	3	1	0	0	0	0	0	0	0	4	1020	10000	100	0	0	0	0	0	0	0	0	0	0	0	0	0	0	0	0	0	0	0	0	0	0	0	0	0	0
1010	4	1	0	0	0	0	0	0	0	4	1021	10000	100	0	0	0	0	0	0	0	0	0	0	0	0	0	0	0	0	0	0	0	0	0	0	0	0	0	0
1010	5	1	0	0	0	0	0	0	0	4	1022	10000	100	0	0	0	0	0	0	0	0	0	0	0	0	0	0	0	0	0	0	0	0	0	0	0	0	0	0
1011	1	1	0	0	0	0	0	0	0	39	3	300	0	0	0	0	0	0	0	0	0	0	0	0	0	0	0	0	0	0	0	0	0	0	0	0	0	0	0
1011	2	1	0	0	0	0	0	0	0	39	3	600	0	0	0	0	0	0	0	0	0	0	0	0	0	0	0	0	0	0	0	0	0	0	0	0	0	0	0
1011	3	1	0	0	0	0	0	0	0	39	3	900	0	0	0	0	0	0	0	0	0	0	0	0	0	0	0	0	0	0	0	0	0	0	0	0	0	0	0
1011	4	1	0	0	0	0	0	0	0	39	3	1200	0	0	0	0	0	0	0	0	0	0	0	0	0	0	0	0	0	0	0	0	0	0	0	0	0	0	0
1011	5	1	0	0	0	0	0	0	0	39	3	1500	0	0	0	0	0	0	0	0	0	0	0	0	0	0	0	0	0	0	0	0	0	0	0	0	0	0	0
1012	1	1	0	0	0	0	0	0	0	4	1023	5000	100	0	0	0	0	0	0	0	0	0	0	0	0	0	0	0	0	0	0	0	0	0	0	0	0	0	0
1012	2	1	0	0	0	0	0	0	0	4	1024	5000	100	0	0	0	0	0	0	0	0	0	0	0	0	0	0	0	0	0	0	0	0	0	0	0	0	0	0
1012	3	1	0	0	0	0	0	0	0	4	1025	5000	100	0	0	0	0	0	0	0	0	0	0	0	0	0	0	0	0	0	0	0	0	0	0	0	0	0	0
1012	4	1	0	0	0	0	0	0	0	4	1026	5000	100	0	0	0	0	0	0	0	0	0	0	0	0	0	0	0	0	0	0	0	0	0	0	0	0	0	0
1012	5	1	0	0	0	0	0	0	0	4	1027	5000	100	0	0	0	0	0	0	0	0	0	0	0	0	0	0	0	0	0	0	0	0	0	0	0	0	0	0
1013	1	1	0	0	0	0	0	0	0	4	1028	10000	100	0	0	12	1005	-30000	0	0	0	0	0	0	0	0	0	0	0	0	0	0	0	0	0	0	0	0	0
1013	2	1	0	0	0	0	0	0	0	4	1029	10000	100	0	0	12	1005	-30000	0	0	0	0	0	0	0	0	0	0	0	0	0	0	0	0	0	0	0	0	0
1013	3	1	0	0	0	0	0	0	0	4	1030	10000	100	0	0	12	1005	-30000	0	0	0	0	0	0	0	0	0	0	0	0	0	0	0	0	0	0	0	0	0
1013	4	1	0	0	0	0	0	0	0	4	1031	10000	100	0	0	12	1005	-30000	0	0	0	0	0	0	0	0	0	0	0	0	0	0	0	0	0	0	0	0	0
1013	5	1	0	0	0	0	0	0	0	4	1032	10000	100	0	0	12	1005	-30000	0	0	0	0	0	0	0	0	0	0	0	0	0	0	0	0	0	0	0	0	0
1014	1	1	0	0	0	0	0	0	0	12	1003	-600	0	0	0	0	0	0	0	0	0	0	0	0	0	0	0	0	0	0	0	0	0	0	0	0	0	0	0
1014	2	1	0	0	0	0	0	0	0	12	1003	-1200	0	0	0	0	0	0	0	0	0	0	0	0	0	0	0	0	0	0	0	0	0	0	0	0	0	0	0
1014	3	1	0	0	0	0	0	0	0	12	1003	-1800	0	0	0	0	0	0	0	0	0	0	0	0	0	0	0	0	0	0	0	0	0	0	0	0	0	0	0
1014	4	1	0	0	0	0	0	0	0	12	1003	-2400	0	0	0	0	0	0	0	0	0	0	0	0	0	0	0	0	0	0	0	0	0	0	0	0	0	0	0
1014	5	1	0	0	0	0	0	0	0	12	1003	-3000	0	0	0	0	0	0	0	0	0	0	0	0	0	0	0	0	0	0	0	0	0	0	0	0	0	0	0
1015	1	1	0	0	0	0	0	0	0	12	1004	-600	0	0	0	0	0	0	0	0	0	0	0	0	0	0	0	0	0	0	0	0	0	0	0	0	0	0	0
1015	2	1	0	0	0	0	0	0	0	12	1004	-1200	0	0	0	0	0	0	0	0	0	0	0	0	0	0	0	0	0	0	0	0	0	0	0	0	0	0	0
1015	3	1	0	0	0	0	0	0	0	12	1004	-1800	0	0	0	0	0	0	0	0	0	0	0	0	0	0	0	0	0	0	0	0	0	0	0	0	0	0	0
1015	4	1	0	0	0	0	0	0	0	12	1004	-2400	0	0	0	0	0	0	0	0	0	0	0	0	0	0	0	0	0	0	0	0	0	0	0	0	0	0	0
1015	5	1	0	0	0	0	0	0	0	12	1004	-3000	0	0	0	0	0	0	0	0	0	0	0	0	0	0	0	0	0	0	0	0	0	0	0	0	0	0	0
1016	1	1	0	0	0	0	0	0	0	39	0	50	0	0	0	0	0	0	0	0	0	0	0	0	0	0	0	0	0	0	0	0	0	0	0	0	0	0	0
1016	2	1	0	0	0	0	0	0	0	39	0	100	0	0	0	0	0	0	0	0	0	0	0	0	0	0	0	0	0	0	0	0	0	0	0	0	0	0	0
1017	1	1	0	0	0	0	0	0	0	35	1000	1033	10000	0	0	0	0	0	0	0	0	0	0	0	0	0	0	0	0	0	0	0	0	0	0	0	0	0	0
1017	2	1	0	0	0	0	0	0	0	35	1000	1034	10000	0	0	0	0	0	0	0	0	0	0	0	0	0	0	0	0	0	0	0	0	0	0	0	0	0	0
1018	1	1	0	0	0	0	0	0	0	12	1004	-1000	0	0	0	0	0	0	0	0	0	0	0	0	0	0	0	0	0	0	0	0	0	0	0	0	0	0	0
1018	2	1	0	0	0	0	0	0	0	12	1004	-2000	0	0	0	0	0	0	0	0	0	0	0	0	0	0	0	0	0	0	0	0	0	0	0	0	0	0	0
1019	1	1	0	0	0	0	0	0	0	12	1003	4000	0	0	0	3	11	1000	100	0	0	3	12	1000	100	0	0	0	0	0	0	0	0	0	0	0	0	0	0
1019	2	1	0	0	0	0	0	0	0	12	1003	4000	0	0	0	3	11	2000	100	0	0	3	12	2000	100	0	0	0	0	0	0	0	0	0	0	0	0	0	0
1020	1	1	0	0	0	0	0	0	0	36	4000	1035	0	0	0	0	0	0	0	0	0	0	0	0	0	0	0	0	0	0	0	0	0	0	0	0	0	0	0
1020	2	1	0	0	0	0	0	0	0	36	4000	1036	0	0	0	0	0	0	0	0	0	0	0	0	0	0	0	0	0	0	0	0	0	0	0	0	0	0	0
1021	1	1	0	0	0	0	0	0	0	52	1037	0	0	0	0	0	0	0	0	0	0	0	0	0	0	0	0	0	0	0	0	0	0	0	0	0	0	0	0
1021	2	1	0	0	0	0	0	0	0	52	1038	0	0	0	0	0	0	0	0	0	0	0	0	0	0	0	0	0	0	0	0	0	0	0	0	0	0	0	0
1022	1	1	0	0	0	0	0	0	0	13	2	2	1000	0	0	13	6	2	1000	0	0	13	13	2	500	0	0	13	7	2	-500	0	0	13	3	2	-500	0	0
1022	2	1	0	0	0	0	0	0	0	13	2	2	1500	0	0	13	6	2	1500	0	0	13	13	2	1000	0	0	13	7	2	-1000	0	0	13	3	2	-1000	0	0
1023	1	1	0	0	0	0	0	0	0	13	3	2	1000	0	0	13	7	2	1000	0	0	13	1	2	1000	0	0	13	2	2	-500	0	0	13	6	2	-500	0	0
1023	2	1	0	0	0	0	0	0	0	13	3	2	1500	0	0	13	7	2	1500	0	0	13	1	2	2000	0	0	13	2	2	-1000	0	0	13	6	2	-1000	0	0
1100	1	1	1	0	0	6000	0	1	1	10	1107	100	1118	100	0	10	1120	100	1116	100	0	2	82	0	0	0	0	0	0	0	0	0	0	0	0	0	0	0	0
1100	2	1	2	0	0	6000	0	1	1	10	1107	100	1118	100	0	10	1120	100	1116	100	0	2	140	200	0	0	0	0	0	0	0	0	0	0	0	0	0	0	0
1100	3	1	3	0	0	6000	0	1	1	10	1107	100	1118	100	0	10	1120	100	1116	100	0	2	224	400	0	0	0	0	0	0	0	0	0	0	0	0	0	0	0
1100	4	1	4	0	0	6000	0	1	1	10	1107	100	1118	100	0	10	1120	100	1116	100	0	2	461	600	0	0	0	0	0	0	0	0	0	0	0	0	0	0	0
1100	5	1	5	0	0	6000	0	1	1	10	1107	100	1118	100	0	10	1120	100	1116	100	0	2	753	800	0	0	0	0	0	0	0	0	0	0	0	0	0	0	0
1100	6	1	6	0	0	6000	0	1	1	10	1107	100	1118	100	0	10	1120	100	1116	100	0	2	1670	1000	0	0	0	0	0	0	0	0	0	0	0	0	0	0	0
1100	7	1	7	0	0	6000	0	1	1	10	1107	100	1118	100	0	10	1120	100	1116	100	0	2	3013	1200	0	0	0	0	0	0	0	0	0	0	0	0	0	0	0
1100	8	1	8	0	0	6000	0	1	1	10	1107	100	1118	100	0	10	1120	100	1116	100	0	2	4975	1400	0	0	0	0	0	0	0	0	0	0	0	0	0	0	0
1100	9	1	9	0	0	6000	0	1	1	10	1107	100	1118	100	0	10	1120	100	1116	100	0	2	8573	1600	0	0	0	0	0	0	0	0	0	0	0	0	0	0	0
1100	10	1	10	0	0	6000	0	1	1	10	1107	100	1118	100	0	10	1120	100	1116	100	0	2	11753	2000	0	0	0	0	0	0	0	0	0	0	0	0	0	0	0
1101	1	1	1	0	0	8000	0	1	1	3	1100	10000	100	0	0	10	1108	100	1120	100	0	0	0	0	0	0	0	0	0	0	0	0	0	0	0	0	0	0	0
1101	2	1	2	0	0	8000	0	1	1	3	1130	10000	100	0	0	10	1108	100	1120	100	0	0	0	0	0	0	0	0	0	0	0	0	0	0	0	0	0	0	0
1101	3	1	3	0	0	8000	0	1	1	3	1131	10000	100	0	0	10	1108	100	1120	100	0	0	0	0	0	0	0	0	0	0	0	0	0	0	0	0	0	0	0
1101	4	1	4	0	0	8000	0	1	1	3	1132	10000	100	0	0	10	1108	100	1120	100	0	0	0	0	0	0	0	0	0	0	0	0	0	0	0	0	0	0	0
1101	5	1	5	0	0	8000	0	1	1	3	1133	10000	100	0	0	10	1108	100	1120	100	0	0	0	0	0	0	0	0	0	0	0	0	0	0	0	0	0	0	0
1101	6	1	6	0	0	8000	0	1	1	3	1134	10000	100	0	0	10	1108	100	1120	100	0	0	0	0	0	0	0	0	0	0	0	0	0	0	0	0	0	0	0
1101	7	1	7	0	0	8000	0	1	1	3	1135	10000	100	0	0	10	1108	100	1120	100	0	0	0	0	0	0	0	0	0	0	0	0	0	0	0	0	0	0	0
1101	8	1	8	0	0	8000	0	1	1	3	1136	10000	100	0	0	10	1108	100	1120	100	0	0	0	0	0	0	0	0	0	0	0	0	0	0	0	0	0	0	0
1101	9	1	9	0	0	8000	0	1	1	3	1137	10000	100	0	0	10	1108	100	1120	100	0	0	0	0	0	0	0	0	0	0	0	0	0	0	0	0	0	0	0
1101	10	1	10	0	0	8000	0	1	1	3	1138	10000	100	0	0	10	1108	100	1120	100	0	0	0	0	0	0	0	0	0	0	0	0	0	0	0	0	0	0	0
1102	1	1	1	0	0	10000	0	5	5	10	1109	100	1117	100	0	14	1100	1	0	0	0	10	1122	100	1116	100	0	2	100	470	0	0	0	0	0	0	0	0	0
1102	2	1	2	0	0	10000	0	5	5	10	1109	100	1117	100	0	14	1100	1	0	0	0	10	1122	100	1116	100	0	2	200	600	200	0	0	0	0	0	0	0	0
1102	3	1	3	0	0	10000	0	5	5	10	1109	100	1117	100	0	14	1100	1	0	0	0	10	1122	100	1116	100	0	2	300	881	400	0	0	0	0	0	0	0	0
1102	4	1	4	0	0	10000	0	5	5	10	1109	100	1117	100	0	14	1100	1	0	0	0	10	1122	100	1116	100	0	2	400	1779	600	0	0	0	0	0	0	0	0
1102	5	1	5	0	0	10000	0	5	5	10	1109	100	1117	100	0	14	1100	1	0	0	0	10	1122	100	1116	100	0	2	500	2746	800	0	0	0	0	0	0	0	0
1102	6	1	6	0	0	10000	0	5	5	10	1109	100	1117	100	0	14	1100	1	0	0	0	10	1122	100	1116	100	0	2	600	4503	1000	0	0	0	0	0	0	0	0
1102	7	1	7	0	0	10000	0	5	5	10	1109	100	1117	100	0	14	1100	1	0	0	0	10	1122	100	1116	100	0	2	700	5962	1200	0	0	0	0	0	0	0	0
1102	8	1	8	0	0	10000	0	5	5	10	1109	100	1117	100	0	14	1100	1	0	0	0	10	1122	100	1116	100	0	2	800	10002	1400	0	0	0	0	0	0	0	0
1102	9	1	9	0	0	10000	0	5	5	10	1109	100	1117	100	0	14	1100	1	0	0	0	10	1122	100	1116	100	0	2	900	15080	1600	0	0	0	0	0	0	0	0
1102	10	1	10	0	0	10000	0	5	5	10	1109	100	1117	100	0	14	1100	1	0	0	0	10	1122	100	1116	100	0	2	1000	20808	2000	0	0	0	0	0	0	0	0
1103	1	1	1	0	0	30000	0	1	1	10	1106	100	1120	100	0	43	1101	30000	4000	196	0	10	1121	100	1119	100	0	0	0	0	0	0	0	0	0	0	0	0	0
1103	2	1	2	0	0	30000	0	1	1	10	1106	100	1120	100	0	43	1101	30000	4400	254	0	10	1121	100	1119	100	0	0	0	0	0	0	0	0	0	0	0	0	0
1103	3	1	3	0	0	30000	0	1	1	10	1106	100	1120	100	0	43	1101	30000	4800	467	0	10	1121	100	1119	100	0	0	0	0	0	0	0	0	0	0	0	0	0
1103	4	1	4	0	0	30000	0	1	1	10	1106	100	1120	100	0	43	1101	30000	5200	947	0	10	1121	100	1119	100	0	0	0	0	0	0	0	0	0	0	0	0	0
1103	5	1	5	0	0	30000	0	1	1	10	1106	100	1120	100	0	43	1101	30000	5600	1547	0	10	1121	100	1119	100	0	0	0	0	0	0	0	0	0	0	0	0	0
1103	6	1	6	0	0	30000	0	1	1	10	1106	100	1120	100	0	43	1101	30000	6000	2636	0	10	1121	100	1119	100	0	0	0	0	0	0	0	0	0	0	0	0	0
1103	7	1	7	0	0	30000	0	1	1	10	1106	100	1120	100	0	43	1101	30000	6400	3845	0	10	1121	100	1119	100	0	0	0	0	0	0	0	0	0	0	0	0	0
1103	8	1	8	0	0	30000	0	1	1	10	1106	100	1120	100	0	43	1101	30000	6800	6190	0	10	1121	100	1119	100	0	0	0	0	0	0	0	0	0	0	0	0	0
1103	9	1	9	0	0	30000	0	1	1	10	1106	100	1120	100	0	43	1101	30000	7200	9914	0	10	1121	100	1119	100	0	0	0	0	0	0	0	0	0	0	0	0	0
1103	10	1	10	0	0	30000	0	1	1	10	1106	100	1120	100	0	43	1101	30000	8000	13874	0	10	1121	100	1119	100	0	0	0	0	0	0	0	0	0	0	0	0	0
1104	1	1	1	0	0	30000	0	1	1	8	2	0	0	0	0	10	1110	100	1120	100	0	0	0	0	0	0	0	0	0	0	0	0	0	0	0	0	0	0	0
1104	2	1	2	0	0	29000	0	1	1	8	2	0	0	0	0	10	1110	100	1120	100	0	0	0	0	0	0	0	0	0	0	0	0	0	0	0	0	0	0	0
1104	3	1	3	0	0	28000	0	1	1	8	2	0	0	0	0	10	1110	100	1120	100	0	0	0	0	0	0	0	0	0	0	0	0	0	0	0	0	0	0	0
1104	4	1	4	0	0	27000	0	1	1	8	2	0	0	0	0	10	1110	100	1120	100	0	0	0	0	0	0	0	0	0	0	0	0	0	0	0	0	0	0	0
1104	5	1	5	0	0	26000	0	1	1	8	2	0	0	0	0	10	1110	100	1120	100	0	0	0	0	0	0	0	0	0	0	0	0	0	0	0	0	0	0	0
1104	6	1	6	0	0	25000	0	1	1	8	2	0	0	0	0	10	1110	100	1120	100	0	0	0	0	0	0	0	0	0	0	0	0	0	0	0	0	0	0	0
1104	7	1	7	0	0	24000	0	1	1	8	2	0	0	0	0	10	1110	100	1120	100	0	0	0	0	0	0	0	0	0	0	0	0	0	0	0	0	0	0	0
1104	8	1	8	0	0	23000	0	1	1	8	2	0	0	0	0	10	1110	100	1120	100	0	0	0	0	0	0	0	0	0	0	0	0	0	0	0	0	0	0	0
1104	9	1	9	0	0	22000	0	1	1	8	2	0	0	0	0	10	1110	100	1120	100	0	0	0	0	0	0	0	0	0	0	0	0	0	0	0	0	0	0	0
1104	10	1	10	0	0	20000	0	1	1	8	2	0	0	0	0	10	1110	100	1120	100	0	0	0	0	0	0	0	0	0	0	0	0	0	0	0	0	0	0	0
1105	1	1	1	0	0	30000	0	5	5	2	1949	3000	0	0	0	42	1100	0	3000	0	0	40	1111	0	0	0	0	14	1101	2	0	0	0	10	1117	100	1122	0	0
1105	2	1	2	0	0	30000	0	5	5	2	2227	3000	0	0	0	42	1100	0	3000	0	0	40	1111	0	0	0	0	14	1101	2	0	0	0	10	1117	100	1122	0	0
1105	3	1	3	0	0	30000	0	5	5	2	3364	3000	0	0	0	42	1100	0	3000	0	0	40	1111	0	0	0	0	14	1101	2	0	0	0	10	1117	100	1122	0	0
1105	4	1	4	0	0	30000	0	5	5	2	5423	3000	0	0	0	42	1100	0	3000	0	0	40	1111	0	0	0	0	14	1101	2	0	0	0	10	1117	100	1122	0	0
1105	5	1	5	0	0	30000	0	5	5	2	7650	3000	0	0	0	42	1100	0	3000	0	0	40	1111	0	0	0	0	14	1101	2	0	0	0	10	1117	100	1122	0	0
1105	6	1	6	0	0	30000	0	5	5	2	12057	3000	0	0	0	42	1100	0	3000	0	0	40	1111	0	0	0	0	14	1101	2	0	0	0	10	1117	100	1122	0	0
1105	7	1	7	0	0	30000	0	5	5	2	16004	3000	0	0	0	42	1100	0	3000	0	0	40	1111	0	0	0	0	14	1101	2	0	0	0	10	1117	100	1122	0	0
1105	8	1	8	0	0	30000	0	5	5	2	21407	3000	0	0	0	42	1100	0	3000	0	0	40	1111	0	0	0	0	14	1101	2	0	0	0	10	1117	100	1122	0	0
1105	9	1	9	0	0	30000	0	5	5	2	32547	3000	0	0	0	42	1100	0	3000	0	0	40	1111	0	0	0	0	14	1101	2	0	0	0	10	1117	100	1122	0	0
1105	10	1	10	0	0	30000	0	5	5	2	41814	3000	0	0	0	42	1100	0	3000	0	0	40	1111	0	0	0	0	14	1101	2	0	0	0	10	1117	100	1122	0	0
1106	1	1	0	0	0	0	0	0	0	48	1101	400	0	0	0	0	0	0	0	0	0	0	0	0	0	0	0	0	0	0	0	0	0	0	0	0	0	0	0
1106	2	1	0	0	0	0	0	0	0	48	1101	800	0	0	0	0	0	0	0	0	0	0	0	0	0	0	0	0	0	0	0	0	0	0	0	0	0	0	0
1106	3	1	0	0	0	0	0	0	0	48	1101	1200	0	0	0	0	0	0	0	0	0	0	0	0	0	0	0	0	0	0	0	0	0	0	0	0	0	0	0
1106	4	1	0	0	0	0	0	0	0	48	1101	1600	0	0	0	0	0	0	0	0	0	0	0	0	0	0	0	0	0	0	0	0	0	0	0	0	0	0	0
1106	5	1	0	0	0	0	0	0	0	48	1101	2000	0	0	0	0	0	0	0	0	0	0	0	0	0	0	0	0	0	0	0	0	0	0	0	0	0	0	0
1107	1	1	0	0	0	0	0	0	0	39	3	300	0	0	0	0	0	0	0	0	0	0	0	0	0	0	0	0	0	0	0	0	0	0	0	0	0	0	0
1107	2	1	0	0	0	0	0	0	0	39	3	600	0	0	0	0	0	0	0	0	0	0	0	0	0	0	0	0	0	0	0	0	0	0	0	0	0	0	0
1107	3	1	0	0	0	0	0	0	0	39	3	900	0	0	0	0	0	0	0	0	0	0	0	0	0	0	0	0	0	0	0	0	0	0	0	0	0	0	0
1107	4	1	0	0	0	0	0	0	0	39	3	1200	0	0	0	0	0	0	0	0	0	0	0	0	0	0	0	0	0	0	0	0	0	0	0	0	0	0	0
1107	5	1	0	0	0	0	0	0	0	39	3	1500	0	0	0	0	0	0	0	0	0	0	0	0	0	0	0	0	0	0	0	0	0	0	0	0	0	0	0
1108	1	1	0	0	0	0	0	0	0	3	1102	10000	100	0	0	0	0	0	0	0	0	0	0	0	0	0	0	0	0	0	0	0	0	0	0	0	0	0	0
1108	2	1	0	0	0	0	0	0	0	3	1103	10000	100	0	0	0	0	0	0	0	0	0	0	0	0	0	0	0	0	0	0	0	0	0	0	0	0	0	0
1108	3	1	0	0	0	0	0	0	0	3	1104	10000	100	0	0	0	0	0	0	0	0	0	0	0	0	0	0	0	0	0	0	0	0	0	0	0	0	0	0
1108	4	1	0	0	0	0	0	0	0	3	1105	10000	100	0	0	0	0	0	0	0	0	0	0	0	0	0	0	0	0	0	0	0	0	0	0	0	0	0	0
1108	5	1	0	0	0	0	0	0	0	3	1106	10000	100	0	0	0	0	0	0	0	0	0	0	0	0	0	0	0	0	0	0	0	0	0	0	0	0	0	0
1109	1	1	0	0	0	0	0	0	0	39	3	300	0	0	0	0	0	0	0	0	0	0	0	0	0	0	0	0	0	0	0	0	0	0	0	0	0	0	0
1109	2	1	0	0	0	0	0	0	0	39	3	600	0	0	0	0	0	0	0	0	0	0	0	0	0	0	0	0	0	0	0	0	0	0	0	0	0	0	0
1109	3	1	0	0	0	0	0	0	0	39	3	900	0	0	0	0	0	0	0	0	0	0	0	0	0	0	0	0	0	0	0	0	0	0	0	0	0	0	0
1109	4	1	0	0	0	0	0	0	0	39	3	1200	0	0	0	0	0	0	0	0	0	0	0	0	0	0	0	0	0	0	0	0	0	0	0	0	0	0	0
1109	5	1	0	0	0	0	0	0	0	39	3	1500	0	0	0	0	0	0	0	0	0	0	0	0	0	0	0	0	0	0	0	0	0	0	0	0	0	0	0
1110	1	1	0	0	0	0	0	0	0	4	1107	4000	100	0	0	0	0	0	0	0	0	0	0	0	0	0	0	0	0	0	0	0	0	0	0	0	0	0	0
1110	2	1	0	0	0	0	0	0	0	4	1108	4000	100	0	0	0	0	0	0	0	0	0	0	0	0	0	0	0	0	0	0	0	0	0	0	0	0	0	0
1110	3	1	0	0	0	0	0	0	0	4	1109	4000	100	0	0	0	0	0	0	0	0	0	0	0	0	0	0	0	0	0	0	0	0	0	0	0	0	0	0
1110	4	1	0	0	0	0	0	0	0	4	1110	4000	100	0	0	0	0	0	0	0	0	0	0	0	0	0	0	0	0	0	0	0	0	0	0	0	0	0	0
1110	5	1	0	0	0	0	0	0	0	4	1111	4000	100	0	0	0	0	0	0	0	0	0	0	0	0	0	0	0	0	0	0	0	0	0	0	0	0	0	0
1111	1	1	0	0	0	0	0	0	0	4	1112	5000	100	0	0	0	0	0	0	0	0	0	0	0	0	0	0	0	0	0	0	0	0	0	0	0	0	0	0
1111	2	1	0	0	0	0	0	0	0	4	1113	5000	100	0	0	0	0	0	0	0	0	0	0	0	0	0	0	0	0	0	0	0	0	0	0	0	0	0	0
1111	3	1	0	0	0	0	0	0	0	4	1114	5000	100	0	0	0	0	0	0	0	0	0	0	0	0	0	0	0	0	0	0	0	0	0	0	0	0	0	0
1111	4	1	0	0	0	0	0	0	0	4	1115	5000	100	0	0	0	0	0	0	0	0	0	0	0	0	0	0	0	0	0	0	0	0	0	0	0	0	0	0
1111	5	1	0	0	0	0	0	0	0	4	1116	5000	100	0	0	0	0	0	0	0	0	0	0	0	0	0	0	0	0	0	0	0	0	0	0	0	0	0	0
1112	1	1	0	0	0	0	0	0	0	12	1100	-300	0	0	0	0	0	0	0	0	0	0	0	0	0	0	0	0	0	0	0	0	0	0	0	0	0	0	0
1112	2	1	0	0	0	0	0	0	0	12	1100	-600	0	0	0	0	0	0	0	0	0	0	0	0	0	0	0	0	0	0	0	0	0	0	0	0	0	0	0
1112	3	1	0	0	0	0	0	0	0	12	1100	-900	0	0	0	0	0	0	0	0	0	0	0	0	0	0	0	0	0	0	0	0	0	0	0	0	0	0	0
1112	4	1	0	0	0	0	0	0	0	12	1100	-1200	0	0	0	0	0	0	0	0	0	0	0	0	0	0	0	0	0	0	0	0	0	0	0	0	0	0	0
1112	5	1	0	0	0	0	0	0	0	12	1100	-1500	0	0	0	0	0	0	0	0	0	0	0	0	0	0	0	0	0	0	0	0	0	0	0	0	0	0	0
1113	1	1	0	0	0	0	0	0	0	12	1102	-600	0	0	0	0	0	0	0	0	0	0	0	0	0	0	0	0	0	0	0	0	0	0	0	0	0	0	0
1113	2	1	0	0	0	0	0	0	0	12	1102	-1200	0	0	0	0	0	0	0	0	0	0	0	0	0	0	0	0	0	0	0	0	0	0	0	0	0	0	0
1113	3	1	0	0	0	0	0	0	0	12	1102	-1800	0	0	0	0	0	0	0	0	0	0	0	0	0	0	0	0	0	0	0	0	0	0	0	0	0	0	0
1113	4	1	0	0	0	0	0	0	0	12	1102	-2400	0	0	0	0	0	0	0	0	0	0	0	0	0	0	0	0	0	0	0	0	0	0	0	0	0	0	0
1113	5	1	0	0	0	0	0	0	0	12	1102	-3000	0	0	0	0	0	0	0	0	0	0	0	0	0	0	0	0	0	0	0	0	0	0	0	0	0	0	0
1114	1	1	0	0	0	0	0	0	0	12	1104	-720	0	0	0	0	0	0	0	0	0	0	0	0	0	0	0	0	0	0	0	0	0	0	0	0	0	0	0
1114	2	1	0	0	0	0	0	0	0	12	1104	-1440	0	0	0	0	0	0	0	0	0	0	0	0	0	0	0	0	0	0	0	0	0	0	0	0	0	0	0
1114	3	1	0	0	0	0	0	0	0	12	1104	-2160	0	0	0	0	0	0	0	0	0	0	0	0	0	0	0	0	0	0	0	0	0	0	0	0	0	0	0
1114	4	1	0	0	0	0	0	0	0	12	1104	-2880	0	0	0	0	0	0	0	0	0	0	0	0	0	0	0	0	0	0	0	0	0	0	0	0	0	0	0
1114	5	1	0	0	0	0	0	0	0	12	1104	-3600	0	0	0	0	0	0	0	0	0	0	0	0	0	0	0	0	0	0	0	0	0	0	0	0	0	0	0
1115	1	1	0	0	0	0	0	0	0	53	100	100	1103	-1000	0	0	0	0	0	0	0	0	0	0	0	0	0	0	0	0	0	0	0	0	0	0	0	0	0
1115	2	1	0	0	0	0	0	0	0	53	100	100	1103	-2000	0	0	0	0	0	0	0	0	0	0	0	0	0	0	0	0	0	0	0	0	0	0	0	0	0
1116	1	1	0	0	0	0	0	0	0	4	1119	10000	100	0	0	0	0	0	0	0	0	0	0	0	0	0	0	0	0	0	0	0	0	0	0	0	0	0	0
1116	2	1	0	0	0	0	0	0	0	4	1120	10000	100	0	0	0	0	0	0	0	0	0	0	0	0	0	0	0	0	0	0	0	0	0	0	0	0	0	0
1117	1	1	0	0	0	0	0	0	0	3	1121	5000	100	0	0	3	1139	5000	100	0	0	0	0	0	0	0	0	0	0	0	0	0	0	0	0	0	0	0	0
1117	2	1	0	0	0	0	0	0	0	3	1122	5000	100	0	0	3	1140	5000	100	0	0	0	0	0	0	0	0	0	0	0	0	0	0	0	0	0	0	0	0
1118	1	1	0	0	0	0	0	0	0	3	1123	1000	100	0	0	12	1100	1000	0	0	0	0	0	0	0	0	0	0	0	0	0	0	0	0	0	0	0	0	0
1118	2	1	0	0	0	0	0	0	0	3	1123	2000	100	0	0	12	1100	1000	0	0	0	0	0	0	0	0	0	0	0	0	0	0	0	0	0	0	0	0	0
1119	1	1	0	0	0	0	0	0	0	11	1101	-15000	0	0	0	4	1124	15000	100	0	0	0	0	0	0	0	0	0	0	0	0	0	0	0	0	0	0	0	0
1119	2	1	0	0	0	0	0	0	0	11	1101	-15000	0	0	0	4	1125	15000	100	0	0	0	0	0	0	0	0	0	0	0	0	0	0	0	0	0	0	0	0
1120	1	1	0	0	0	0	0	0	0	12	1104	-500	1101	-500	0	12	1100	-500	1103	-500	0	0	0	0	0	0	0	0	0	0	0	0	0	0	0	0	0	0	0
1120	2	1	0	0	0	0	0	0	0	12	1104	-1000	1101	-1000	0	12	1100	-1000	1103	-1000	0	0	0	0	0	0	0	0	0	0	0	0	0	0	0	0	0	0	0
1121	1	1	0	0	0	0	0	0	0	11	1101	-15000	0	0	0	4	1128	15000	100	0	0	0	0	0	0	0	0	0	0	0	0	0	0	0	0	0	0	0	0
1121	2	1	0	0	0	0	0	0	0	11	1101	-15000	0	0	0	4	1129	15000	100	0	0	0	0	0	0	0	0	0	0	0	0	0	0	0	0	0	0	0	0
1122	1	1	0	0	0	0	0	0	0	13	22	1	1000	0	0	15	0	0	1	1	0	0	0	0	0	0	0	0	0	0	0	0	0	0	0	0	0	0	0
1122	2	1	0	0	0	0	0	0	0	13	22	1	1500	0	0	15	0	0	2	2	0	0	0	0	0	0	0	0	0	0	0	0	0	0	0	0	0	0	0
1200	1	1	1	0	0	6000	0	1	1	46	1500	0	0	0	0	10	1221	100	0	0	0	10	1206	100	1215	100	0	2	82	0	0	0	0	0	0	0	0	0	0
1200	2	1	2	0	0	6000	0	1	1	46	1500	0	0	0	0	10	1221	100	0	0	0	10	1206	100	1215	100	0	2	140	300	0	0	0	0	0	0	0	0	0
1200	3	1	3	0	0	6000	0	1	1	46	1500	0	0	0	0	10	1221	100	0	0	0	10	1206	100	1215	100	0	2	224	600	0	0	0	0	0	0	0	0	0
1200	4	1	4	0	0	6000	0	1	1	46	1500	0	0	0	0	10	1221	100	0	0	0	10	1206	100	1215	100	0	2	461	900	0	0	0	0	0	0	0	0	0
1200	5	1	5	0	0	6000	0	1	1	46	1500	0	0	0	0	10	1221	100	0	0	0	10	1206	100	1215	100	0	2	753	1200	0	0	0	0	0	0	0	0	0
1200	6	1	6	0	0	6000	0	1	1	46	1500	0	0	0	0	10	1221	100	0	0	0	10	1206	100	1215	100	0	2	1670	1500	0	0	0	0	0	0	0	0	0
1200	7	1	7	0	0	6000	0	1	1	46	1500	0	0	0	0	10	1221	100	0	0	0	10	1206	100	1215	100	0	2	3013	1800	0	0	0	0	0	0	0	0	0
1200	8	1	8	0	0	6000	0	1	1	46	1500	0	0	0	0	10	1221	100	0	0	0	10	1206	100	1215	100	0	2	4975	2100	0	0	0	0	0	0	0	0	0
1200	9	1	9	0	0	6000	0	1	1	46	1500	0	0	0	0	10	1221	100	0	0	0	10	1206	100	1215	100	0	2	8573	2400	0	0	0	0	0	0	0	0	0
1200	10	1	10	0	0	6000	0	1	1	46	1500	0	0	0	0	10	1221	100	0	0	0	10	1206	100	1215	100	0	2	11753	3000	0	0	0	0	0	0	0	0	0
1201	1	1	1	0	0	6000	0	1	1	3	1200	10000	100	0	0	10	1207	100	0	0	0	0	0	0	0	0	0	0	0	0	0	0	0	0	0	0	0	0	0
1201	2	1	2	0	0	6000	0	1	1	3	1237	10000	100	0	0	10	1207	100	0	0	0	0	0	0	0	0	0	0	0	0	0	0	0	0	0	0	0	0	0
1201	3	1	3	0	0	6000	0	1	1	3	1238	10000	100	0	0	10	1207	100	0	0	0	0	0	0	0	0	0	0	0	0	0	0	0	0	0	0	0	0	0
1201	4	1	4	0	0	6000	0	1	1	3	1239	10000	100	0	0	10	1207	100	0	0	0	0	0	0	0	0	0	0	0	0	0	0	0	0	0	0	0	0	0
1201	5	1	5	0	0	6000	0	1	1	3	1240	10000	100	0	0	10	1207	100	0	0	0	0	0	0	0	0	0	0	0	0	0	0	0	0	0	0	0	0	0
1201	6	1	6	0	0	6000	0	1	1	3	1241	10000	100	0	0	10	1207	100	0	0	0	0	0	0	0	0	0	0	0	0	0	0	0	0	0	0	0	0	0
1201	7	1	7	0	0	6000	0	1	1	3	1242	10000	100	0	0	10	1207	100	0	0	0	0	0	0	0	0	0	0	0	0	0	0	0	0	0	0	0	0	0
1201	8	1	8	0	0	6000	0	1	1	3	1243	10000	100	0	0	10	1207	100	0	0	0	0	0	0	0	0	0	0	0	0	0	0	0	0	0	0	0	0	0
1201	9	1	9	0	0	6000	0	1	1	3	1244	10000	100	0	0	10	1207	100	0	0	0	0	0	0	0	0	0	0	0	0	0	0	0	0	0	0	0	0	0
1201	10	1	10	0	0	6000	0	1	1	3	1245	10000	100	0	0	10	1207	100	0	0	0	0	0	0	0	0	0	0	0	0	0	0	0	0	0	0	0	0	0
1202	1	1	1	0	0	12000	0	5	5	46	1000	0	0	0	0	10	1208	100	0	0	0	14	1204	2	0	0	0	2	596	0	0	0	0	0	0	0	0	0	0
1202	2	1	2	0	0	12000	0	5	5	46	1000	0	0	0	0	10	1208	100	0	0	0	14	1204	2	0	0	0	2	761	200	0	0	0	0	0	0	0	0	0
1202	3	1	3	0	0	12000	0	5	5	46	1000	0	0	0	0	10	1208	100	0	0	0	14	1204	2	0	0	0	2	1116	400	0	0	0	0	0	0	0	0	0
1202	4	1	4	0	0	12000	0	5	5	46	1000	0	0	0	0	10	1208	100	0	0	0	14	1204	2	0	0	0	2	2254	600	0	0	0	0	0	0	0	0	0
1202	5	1	5	0	0	12000	0	5	5	46	1000	0	0	0	0	10	1208	100	0	0	0	14	1204	2	0	0	0	2	3479	800	0	0	0	0	0	0	0	0	0
1202	6	1	6	0	0	12000	0	5	5	46	1000	0	0	0	0	10	1208	100	0	0	0	14	1204	2	0	0	0	2	5704	1000	0	0	0	0	0	0	0	0	0
1202	7	1	7	0	0	12000	0	5	5	46	1000	0	0	0	0	10	1208	100	0	0	0	14	1204	2	0	0	0	2	7553	1200	0	0	0	0	0	0	0	0	0
1202	8	1	8	0	0	12000	0	5	5	46	1000	0	0	0	0	10	1208	100	0	0	0	14	1204	2	0	0	0	2	12670	1400	0	0	0	0	0	0	0	0	0
1202	9	1	9	0	0	12000	0	5	5	46	1000	0	0	0	0	10	1208	100	0	0	0	14	1204	2	0	0	0	2	19102	1600	0	0	0	0	0	0	0	0	0
1202	10	1	10	0	0	12000	0	5	5	46	1000	0	0	0	0	10	1208	100	0	0	0	14	1204	2	0	0	0	2	26357	2000	0	0	0	0	0	0	0	0	0
1203	1	1	1	0	0	40000	0	1	1	4	1202	6000	100	0	0	10	1209	100	0	0	0	0	0	0	0	0	0	0	0	0	0	0	0	0	0	0	0	0	0
1203	2	1	2	0	0	40000	0	1	1	4	1202	6000	100	0	0	10	1209	100	0	0	0	0	0	0	0	0	0	0	0	0	0	0	0	0	0	0	0	0	0
1203	3	1	3	0	0	40000	0	1	1	4	1202	6000	100	0	0	10	1209	100	0	0	0	0	0	0	0	0	0	0	0	0	0	0	0	0	0	0	0	0	0
1203	4	1	4	0	0	40000	0	1	1	4	1202	6000	100	0	0	10	1209	100	0	0	0	0	0	0	0	0	0	0	0	0	0	0	0	0	0	0	0	0	0
1203	5	1	5	0	0	40000	0	1	1	4	1202	6000	100	0	0	10	1209	100	0	0	0	0	0	0	0	0	0	0	0	0	0	0	0	0	0	0	0	0	0
1203	6	1	6	0	0	40000	0	1	1	4	1202	6000	100	0	0	10	1209	100	0	0	0	0	0	0	0	0	0	0	0	0	0	0	0	0	0	0	0	0	0
1203	7	1	7	0	0	40000	0	1	1	4	1202	6000	100	0	0	10	1209	100	0	0	0	0	0	0	0	0	0	0	0	0	0	0	0	0	0	0	0	0	0
1203	8	1	8	0	0	40000	0	1	1	4	1202	6000	100	0	0	10	1209	100	0	0	0	0	0	0	0	0	0	0	0	0	0	0	0	0	0	0	0	0	0
1203	9	1	9	0	0	40000	0	1	1	4	1202	6000	100	0	0	10	1209	100	0	0	0	0	0	0	0	0	0	0	0	0	0	0	0	0	0	0	0	0	0
1203	10	1	10	0	0	40000	0	1	1	4	1202	6000	100	0	0	10	1209	100	0	0	0	0	0	0	0	0	0	0	0	0	0	0	0	0	0	0	0	0	0
1204	1	1	1	0	0	105000	0	1	1	4	1201	5000	100	0	0	10	1210	100	0	0	0	4	1236	5000	100	0	0	0	0	0	0	0	0	0	0	0	0	0	0
1204	2	1	2	0	0	100000	0	1	1	4	1201	5000	100	0	0	10	1210	100	0	0	0	4	1236	5000	100	0	0	0	0	0	0	0	0	0	0	0	0	0	0
1204	3	1	3	0	0	95000	0	1	1	4	1201	5000	100	0	0	10	1210	100	0	0	0	4	1236	5000	100	0	0	0	0	0	0	0	0	0	0	0	0	0	0
1204	4	1	4	0	0	90000	0	1	1	4	1201	5000	100	0	0	10	1210	100	0	0	0	4	1236	5000	100	0	0	0	0	0	0	0	0	0	0	0	0	0	0
1204	5	1	5	0	0	85000	0	1	1	4	1201	5000	100	0	0	10	1210	100	0	0	0	4	1236	5000	100	0	0	0	0	0	0	0	0	0	0	0	0	0	0
1204	6	1	6	0	0	80000	0	1	1	4	1201	5000	100	0	0	10	1210	100	0	0	0	4	1236	5000	100	0	0	0	0	0	0	0	0	0	0	0	0	0	0
1204	7	1	7	0	0	75000	0	1	1	4	1201	5000	100	0	0	10	1210	100	0	0	0	4	1236	5000	100	0	0	0	0	0	0	0	0	0	0	0	0	0	0
1204	8	1	8	0	0	70000	0	1	1	4	1201	5000	100	0	0	10	1210	100	0	0	0	4	1236	5000	100	0	0	0	0	0	0	0	0	0	0	0	0	0	0
1204	9	1	9	0	0	65000	0	1	1	4	1201	5000	100	0	0	10	1210	100	0	0	0	4	1236	5000	100	0	0	0	0	0	0	0	0	0	0	0	0	0	0
1204	10	1	10	0	0	60000	0	1	1	4	1201	5000	100	0	0	10	1210	100	0	0	0	4	1236	5000	100	0	0	0	0	0	0	0	0	0	0	0	0	0	0
1205	1	1	1	0	0	30000	1	1	1	45	1200	1200	0	0	0	10	1221	100	0	0	0	2	2165	3000	0	0	0	10	1211	100	1219	100	0	0	0	0	0	0	0
1205	2	1	2	0	0	30000	1	1	1	45	1200	1400	0	0	0	10	1221	100	0	0	0	2	2474	3000	0	0	0	10	1211	100	1219	100	0	0	0	0	0	0	0
1205	3	1	3	0	0	30000	1	1	1	45	1200	1600	0	0	0	10	1221	100	0	0	0	2	3738	3000	0	0	0	10	1211	100	1219	100	0	0	0	0	0	0	0
1205	4	1	4	0	0	30000	1	1	1	45	1200	1800	0	0	0	10	1221	100	0	0	0	2	6026	3000	0	0	0	10	1211	100	1219	100	0	0	0	0	0	0	0
1205	5	1	5	0	0	30000	1	1	1	45	1200	2000	0	0	0	10	1221	100	0	0	0	2	8500	3000	0	0	0	10	1211	100	1219	100	0	0	0	0	0	0	0
1205	6	1	6	0	0	30000	1	1	1	45	1200	2200	0	0	0	10	1221	100	0	0	0	2	13396	3000	0	0	0	10	1211	100	1219	100	0	0	0	0	0	0	0
1205	7	1	7	0	0	30000	1	1	1	45	1200	2400	0	0	0	10	1221	100	0	0	0	2	17782	3000	0	0	0	10	1211	100	1219	100	0	0	0	0	0	0	0
1205	8	1	8	0	0	30000	1	1	1	45	1200	2600	0	0	0	10	1221	100	0	0	0	2	23786	3000	0	0	0	10	1211	100	1219	100	0	0	0	0	0	0	0
1205	9	1	9	0	0	30000	1	1	1	45	1200	2800	0	0	0	10	1221	100	0	0	0	2	36164	3000	0	0	0	10	1211	100	1219	100	0	0	0	0	0	0	0
1205	10	1	10	0	0	30000	1	1	1	45	1200	3000	0	0	0	10	1221	100	0	0	0	2	46460	3000	0	0	0	10	1211	100	1219	100	0	0	0	0	0	0	0
1206	1	1	0	0	0	0	0	1	1	39	3	400	0	0	0	0	0	0	0	0	0	0	0	0	0	0	0	0	0	0	0	0	0	0	0	0	0	0	0
1206	2	1	0	0	0	0	0	1	1	39	3	800	0	0	0	0	0	0	0	0	0	0	0	0	0	0	0	0	0	0	0	0	0	0	0	0	0	0	0
1206	3	1	0	0	0	0	0	1	1	39	3	1200	0	0	0	0	0	0	0	0	0	0	0	0	0	0	0	0	0	0	0	0	0	0	0	0	0	0	0
1206	4	1	0	0	0	0	0	1	1	39	3	1600	0	0	0	0	0	0	0	0	0	0	0	0	0	0	0	0	0	0	0	0	0	0	0	0	0	0	0
1206	5	1	0	0	0	0	0	1	1	39	3	2000	0	0	0	0	0	0	0	0	0	0	0	0	0	0	0	0	0	0	0	0	0	0	0	0	0	0	0
1207	1	1	0	0	0	0	0	1	1	3	1203	10000	100	0	0	0	0	0	0	0	0	0	0	0	0	0	0	0	0	0	0	0	0	0	0	0	0	0	0
1207	2	1	0	0	0	0	0	1	1	3	1204	10000	100	0	0	0	0	0	0	0	0	0	0	0	0	0	0	0	0	0	0	0	0	0	0	0	0	0	0
1207	3	1	0	0	0	0	0	1	1	3	1205	10000	100	0	0	0	0	0	0	0	0	0	0	0	0	0	0	0	0	0	0	0	0	0	0	0	0	0	0
1207	4	1	0	0	0	0	0	1	1	3	1206	10000	100	0	0	0	0	0	0	0	0	0	0	0	0	0	0	0	0	0	0	0	0	0	0	0	0	0	0
1207	5	1	0	0	0	0	0	1	1	3	1207	10000	100	0	0	0	0	0	0	0	0	0	0	0	0	0	0	0	0	0	0	0	0	0	0	0	0	0	0
1208	1	1	0	0	0	0	0	1	1	39	3	400	0	0	0	0	0	0	0	0	0	0	0	0	0	0	0	0	0	0	0	0	0	0	0	0	0	0	0
1208	2	1	0	0	0	0	0	1	1	39	3	800	0	0	0	0	0	0	0	0	0	0	0	0	0	0	0	0	0	0	0	0	0	0	0	0	0	0	0
1208	3	1	0	0	0	0	0	1	1	39	3	1200	0	0	0	0	0	0	0	0	0	0	0	0	0	0	0	0	0	0	0	0	0	0	0	0	0	0	0
1208	4	1	0	0	0	0	0	1	1	39	3	1600	0	0	0	0	0	0	0	0	0	0	0	0	0	0	0	0	0	0	0	0	0	0	0	0	0	0	0
1208	5	1	0	0	0	0	0	1	1	39	3	2000	0	0	0	0	0	0	0	0	0	0	0	0	0	0	0	0	0	0	0	0	0	0	0	0	0	0	0
1209	1	1	0	0	0	0	0	1	1	4	1208	5000	100	0	0	0	0	0	0	0	0	0	0	0	0	0	0	0	0	0	0	0	0	0	0	0	0	0	0
1209	2	1	0	0	0	0	0	1	1	4	1209	5000	100	0	0	0	0	0	0	0	0	0	0	0	0	0	0	0	0	0	0	0	0	0	0	0	0	0	0
1209	3	1	0	0	0	0	0	1	1	4	1210	5000	100	0	0	0	0	0	0	0	0	0	0	0	0	0	0	0	0	0	0	0	0	0	0	0	0	0	0
1209	4	1	0	0	0	0	0	1	1	4	1211	5000	100	0	0	0	0	0	0	0	0	0	0	0	0	0	0	0	0	0	0	0	0	0	0	0	0	0	0
1209	5	1	0	0	0	0	0	1	1	4	1212	5000	100	0	0	0	0	0	0	0	0	0	0	0	0	0	0	0	0	0	0	0	0	0	0	0	0	0	0
1210	1	1	0	0	0	0	0	1	1	4	1223	10000	100	0	0	0	0	0	0	0	0	0	0	0	0	0	0	0	0	0	0	0	0	0	0	0	0	0	0
1210	2	1	0	0	0	0	0	1	1	4	1224	10000	100	0	0	0	0	0	0	0	0	0	0	0	0	0	0	0	0	0	0	0	0	0	0	0	0	0	0
1210	3	1	0	0	0	0	0	1	1	4	1225	10000	100	0	0	0	0	0	0	0	0	0	0	0	0	0	0	0	0	0	0	0	0	0	0	0	0	0	0
1210	4	1	0	0	0	0	0	1	1	4	1226	10000	100	0	0	0	0	0	0	0	0	0	0	0	0	0	0	0	0	0	0	0	0	0	0	0	0	0	0
1210	5	1	0	0	0	0	0	1	1	4	1227	10000	100	0	0	0	0	0	0	0	0	0	0	0	0	0	0	0	0	0	0	0	0	0	0	0	0	0	0
1211	1	1	0	0	0	0	0	1	1	50	3000	400	600	0	0	0	0	0	0	0	0	0	0	0	0	0	0	0	0	0	0	0	0	0	0	0	0	0	0
1211	2	1	0	0	0	0	0	1	1	50	3000	800	1200	0	0	0	0	0	0	0	0	0	0	0	0	0	0	0	0	0	0	0	0	0	0	0	0	0	0
1211	3	1	0	0	0	0	0	1	1	50	3000	1200	1800	0	0	0	0	0	0	0	0	0	0	0	0	0	0	0	0	0	0	0	0	0	0	0	0	0	0
1211	4	1	0	0	0	0	0	1	1	50	3000	1600	2400	0	0	0	0	0	0	0	0	0	0	0	0	0	0	0	0	0	0	0	0	0	0	0	0	0	0
1211	5	1	0	0	0	0	0	1	1	50	3000	2000	3000	0	0	0	0	0	0	0	0	0	0	0	0	0	0	0	0	0	0	0	0	0	0	0	0	0	0
1212	1	1	0	0	0	0	0	0	0	12	1200	-300	0	0	0	0	0	0	0	0	0	0	0	0	0	0	0	0	0	0	0	0	0	0	0	0	0	0	0
1212	2	1	0	0	0	0	0	0	0	12	1200	-600	0	0	0	0	0	0	0	0	0	0	0	0	0	0	0	0	0	0	0	0	0	0	0	0	0	0	0
1212	3	1	0	0	0	0	0	0	0	12	1200	-900	0	0	0	0	0	0	0	0	0	0	0	0	0	0	0	0	0	0	0	0	0	0	0	0	0	0	0
1212	4	1	0	0	0	0	0	0	0	12	1200	-1200	0	0	0	0	0	0	0	0	0	0	0	0	0	0	0	0	0	0	0	0	0	0	0	0	0	0	0
1212	5	1	0	0	0	0	0	0	0	12	1200	-1500	0	0	0	0	0	0	0	0	0	0	0	0	0	0	0	0	0	0	0	0	0	0	0	0	0	0	0
1213	1	1	0	0	0	0	0	0	0	12	1202	-600	0	0	0	0	0	0	0	0	0	0	0	0	0	0	0	0	0	0	0	0	0	0	0	0	0	0	0
1213	2	1	0	0	0	0	0	0	0	12	1202	-1200	0	0	0	0	0	0	0	0	0	0	0	0	0	0	0	0	0	0	0	0	0	0	0	0	0	0	0
1213	3	1	0	0	0	0	0	0	0	12	1202	-1800	0	0	0	0	0	0	0	0	0	0	0	0	0	0	0	0	0	0	0	0	0	0	0	0	0	0	0
1213	4	1	0	0	0	0	0	0	0	12	1202	-2400	0	0	0	0	0	0	0	0	0	0	0	0	0	0	0	0	0	0	0	0	0	0	0	0	0	0	0
1213	5	1	0	0	0	0	0	0	0	12	1202	-3000	0	0	0	0	0	0	0	0	0	0	0	0	0	0	0	0	0	0	0	0	0	0	0	0	0	0	0
1214	1	1	0	0	0	0	0	0	0	12	1203	-2000	0	0	0	0	0	0	0	0	0	0	0	0	0	0	0	0	0	0	0	0	0	0	0	0	0	0	0
1214	2	1	0	0	0	0	0	0	0	12	1203	-4000	0	0	0	0	0	0	0	0	0	0	0	0	0	0	0	0	0	0	0	0	0	0	0	0	0	0	0
1214	3	1	0	0	0	0	0	0	0	12	1203	-6000	0	0	0	0	0	0	0	0	0	0	0	0	0	0	0	0	0	0	0	0	0	0	0	0	0	0	0
1214	4	1	0	0	0	0	0	0	0	12	1203	-8000	0	0	0	0	0	0	0	0	0	0	0	0	0	0	0	0	0	0	0	0	0	0	0	0	0	0	0
1214	5	1	0	0	0	0	0	0	0	12	1203	-10000	0	0	0	0	0	0	0	0	0	0	0	0	0	0	0	0	0	0	0	0	0	0	0	0	0	0	0
1215	1	1	0	0	0	0	0	0	0	12	1200	2000	0	0	0	3	1228	3000	100	0	0	0	0	0	0	0	0	0	0	0	0	0	0	0	0	0	0	0	0
1215	2	1	0	0	0	0	0	0	0	12	1200	2000	0	0	0	3	1229	3000	100	0	0	0	0	0	0	0	0	0	0	0	0	0	0	0	0	0	0	0	0
1216	1	1	0	0	0	0	0	0	0	35	1000	1230	10000	0	0	0	0	0	0	0	0	0	0	0	0	0	0	0	0	0	0	0	0	0	0	0	0	0	0
1216	2	1	0	0	0	0	0	0	0	35	1000	1231	10000	0	0	0	0	0	0	0	0	0	0	0	0	0	0	0	0	0	0	0	0	0	0	0	0	0	0
1217	1	1	0	0	0	0	0	0	0	38	1232	10000	0	0	0	0	0	0	0	0	0	0	0	0	0	0	0	0	0	0	0	0	0	0	0	0	0	0	0
1217	2	1	0	0	0	0	0	0	0	38	1233	10000	0	0	0	0	0	0	0	0	0	0	0	0	0	0	0	0	0	0	0	0	0	0	0	0	0	0	0
1218	1	1	0	0	0	0	0	0	0	39	1	1000	0	0	0	0	0	0	0	0	0	0	0	0	0	0	0	0	0	0	0	0	0	0	0	0	0	0	0
1218	2	1	0	0	0	0	0	0	0	39	1	2000	0	0	0	0	0	0	0	0	0	0	0	0	0	0	0	0	0	0	0	0	0	0	0	0	0	0	0
1219	1	1	0	0	0	0	0	0	0	5	3	0	0	0	0	0	0	0	0	0	0	0	0	0	0	0	0	0	0	0	0	0	0	0	0	0	0	0	0
1219	2	1	0	0	0	0	0	0	0	5	5	0	0	0	0	0	0	0	0	0	0	0	0	0	0	0	0	0	0	0	0	0	0	0	0	0	0	0	0
1220	1	1	0	0	0	0	0	0	0	44	7	1234	0	0	0	12	1204	-10000	0	0	0	0	0	0	0	0	0	0	0	0	0	0	0	0	0	0	0	0	0
1220	2	1	0	0	0	0	0	0	0	44	7	1235	0	0	0	12	1204	-20000	0	0	0	0	0	0	0	0	0	0	0	0	0	0	0	0	0	0	0	0	0
1221	1	1	0	0	0	0	0	0	0	51	5	200	0	0	0	0	0	0	0	0	0	0	0	0	0	0	0	0	0	0	0	0	0	0	0	0	0	0	0
1221	2	1	0	0	0	0	0	0	0	51	5	300	0	0	0	0	0	0	0	0	0	0	0	0	0	0	0	0	0	0	0	0	0	0	0	0	0	0	0
1222	1	1	0	0	0	0	0	0	0	13	6	2	500	0	0	13	8	1	1000	0	0	0	0	0	0	0	0	0	0	0	0	0	0	0	0	0	0	0	0
1222	2	1	0	0	0	0	0	0	0	13	6	2	1000	0	0	13	8	1	2000	0	0	0	0	0	0	0	0	0	0	0	0	0	0	0	0	0	0	0	0
3072	1	1	0	0	0	15000	0	1	1	3	7	5000	100	0	0	2	1000	0	0	0	0	8	1	0	0	0	0	0	0	0	0	0	0	0	0	0	0	0	0
3073	1	1	0	0	0	25000	0	30	30	2	1000	0	0	0	0	0	0	0	0	0	0	0	0	0	0	0	0	0	0	0	0	0	0	0	0	0	0	0	0
3074	1	1	0	0	0	20000	0	30	30	2	1000	0	0	0	0	3	7	5000	100	0	0	0	0	0	0	0	0	0	0	0	0	0	0	0	0	0	0	0	0
3075	1	1	0	0	0	15000	0	30	30	3	9	10000	100	0	0	0	0	0	0	0	0	0	0	0	0	0	0	0	0	0	0	0	0	0	0	0	0	0	0
3076	1	1	0	0	0	1000	0	30	30	2	1000	0	0	0	0	0	0	0	0	0	0	0	0	0	0	0	0	0	0	0	0	0	0	0	0	0	0	0	0
3077	1	1	0	0	0	20000	0	1	1	14	3018	8	0	0	0	0	0	0	0	0	0	0	0	0	0	0	0	0	0	0	0	0	0	0	0	0	0	0	0
3078	1	1	0	0	0	1000	0	30	30	2	1000	0	0	0	0	31	0	0	0	0	0	0	0	0	0	0	0	0	0	0	0	0	0	0	0	0	0	0	0
3079	1	1	0	0	0	15000	0	30	30	34	112204	2	123	0	0	0	0	0	0	0	0	0	0	0	0	0	0	0	0	0	0	0	0	0	0	0	0	0	0
3080	1	1	0	0	0	180000	3000	7	7	1	2	2000	0	0	0	1	3	5000	0	0	0	31	0	0	0	0	0	0	0	0	0	0	0	0	0	0	0	0	0
3082	1	1	0	0	0	6000	0	1	1	2	0	0	0	0	0	3	7	3000	80	0	0	0	0	0	0	0	0	0	0	0	0	0	0	0	0	0	0	0	0
3083	1	1	0	0	0	25000	0	1	1	2	0	0	0	0	0	3	3450	10000	100	0	0	3	3451	10000	100	0	0	0	0	0	0	0	0	0	0	0	0	0	0
3084	1	1	0	0	0	6000	0	1	1	8	2	0	0	0	0	0	0	0	0	0	0	0	0	0	0	0	0	0	0	0	0	0	0	0	0	0	0	0	0
3085	1	1	0	0	0	12000	0	1	1	4	3452	12000	100	0	0	0	0	0	0	0	0	0	0	0	0	0	0	0	0	0	0	0	0	0	0	0	0	0	0
3087	1	1	0	0	0	15000	0	1	1	2	0	0	0	0	0	3	3453	15000	100	0	0	3	3454	15000	100	0	0	0	0	0	0	0	0	0	0	0	0	0	0
3088	1	1	0	0	0	30000	0	1	1	2	0	0	0	0	0	3	3455	15000	100	0	0	0	0	0	0	0	0	0	0	0	0	0	0	0	0	0	0	0	0
3089	1	1	0	0	0	10000	0	1	1	2	0	0	0	0	0	3	3456	5000	100	0	0	0	0	0	0	0	0	0	0	0	0	0	0	0	0	0	0	0	0
3090	1	1	0	0	0	6000	0	1	1	2	0	0	0	0	0	3	7	3000	80	0	0	0	0	0	0	0	0	0	0	0	0	0	0	0	0	0	0	0	0
3091	1	1	0	0	0	30000	0	1	1	2	0	0	0	0	0	8	1	0	0	0	0	3	9	4000	100	0	0	0	0	0	0	0	0	0	0	0	0	0	0
3092	1	1	0	0	0	15000	0	1	1	2	0	10000	0	0	0	0	0	0	0	0	0	0	0	0	0	0	0	0	0	0	0	0	0	0	0	0	0	0	0
3093	1	1	0	0	0	10000	0	1	1	4	3458	180000	100	0	0	4	3459	180000	100	0	0	4	3460	180000	100	0	0	4	3461	180000	100	0	0	4	3480	180000	100	0	0
3094	1	1	0	0	0	60000	0	30	30	34	132302	1	0	0	0	0	0	0	0	0	0	0	0	0	0	0	0	0	0	0	0	0	0	0	0	0	0	0	0
3095	1	1	0	0	0	10000	0	5	5	2	0	0	0	0	0	14	3020	6	0	0	0	0	0	0	0	0	0	0	0	0	0	0	0	0	0	0	0	0	0
3096	1	1	0	0	0	15000	0	15	15	2	0	0	0	0	0	5	9	0	0	0	0	0	0	0	0	0	0	0	0	0	0	0	0	0	0	0	0	0	0
3097	1	1	0	0	0	15000	0	1	1	2	0	0	0	0	0	3	3450	15000	100	0	0	3	3464	15000	100	0	0	0	0	0	0	0	0	0	0	0	0	0	0
3098	1	1	0	0	0	15000	0	1	1	2	0	0	0	0	0	3	7	2000	100	0	0	0	0	0	0	0	0	0	0	0	0	0	0	0	0	0	0	0	0
3099	1	1	0	0	0	15000	0	1	1	9	0	0	0	0	0	2	10000	0	0	0	0	0	0	0	0	0	0	0	0	0	0	0	0	0	0	0	0	0	0
3100	1	1	0	0	0	20000	0	30	30	2	0	0	0	0	0	0	0	0	0	0	0	0	0	0	0	0	0	0	0	0	0	0	0	0	0	0	0	0	0
3101	1	1	0	0	0	20000	0	1	1	17	2	1000	0	0	0	0	0	0	0	0	0	0	0	0	0	0	0	0	0	0	0	0	0	0	0	0	0	0	0
3102	1	1	0	0	0	30000	0	1	1	4	3465	15000	100	0	0	3	3465	15000	100	0	0	0	0	0	0	0	0	0	0	0	0	0	0	0	0	0	0	0	0
3103	1	1	0	0	0	30000	0	1	1	4	3466	15000	100	0	0	3	3466	15000	100	0	0	4	3467	15000	100	0	0	3	3467	15000	100	0	0	0	0	0	0	0	0
3104	1	1	0	0	0	15000	0	1	1	2	0	0	0	0	0	3	3468	10000	100	0	0	3	3469	10000	100	0	0	0	0	0	0	0	0	0	0	0	0	0	0
3105	1	1	0	0	0	6000	0	30	30	2	0	0	0	0	0	3	7	3000	100	0	0	0	0	0	0	0	0	0	0	0	0	0	0	0	0	0	0	0	0
3107	1	1	0	0	0	30000	0	30	30	34	136302	3	0	0	0	0	0	0	0	0	0	0	0	0	0	0	0	0	0	0	0	0	0	0	0	0	0	0	0
3108	1	1	0	0	0	30000	0	1	1	4	3470	10000	100	0	0	0	0	0	0	0	0	0	0	0	0	0	0	0	0	0	0	0	0	0	0	0	0	0	0
3109	1	1	0	0	0	10000	0	1	1	2	0	0	0	0	0	3	3471	5000	100	0	0	0	0	0	0	0	0	0	0	0	0	0	0	0	0	0	0	0	0
3110	1	1	0	0	0	15000	0	1	1	2	0	0	0	0	0	3	7	2000	100	0	0	0	0	0	0	0	0	0	0	0	0	0	0	0	0	0	0	0	0
3111	1	1	0	0	0	15000	0	5	5	2	0	0	0	0	0	14	3021	6	0	0	0	0	0	0	0	0	0	0	0	0	0	0	0	0	0	0	0	0	0
3112	1	1	0	0	0	30000	0	1	1	2	0	0	0	0	0	8	1	0	0	0	0	3	3473	4000	100	0	0	0	0	0	0	0	0	0	0	0	0	0	0
3113	1	1	0	0	0	0	0	1	1	13	2	0	10000	0	0	0	0	0	0	0	0	0	0	0	0	0	0	0	0	0	0	0	0	0	0	0	0	0	0
3113	2	1	0	0	0	0	0	1	1	13	2	0	20000	0	0	0	0	0	0	0	0	0	0	0	0	0	0	0	0	0	0	0	0	0	0	0	0	0	0
3113	3	1	0	0	0	0	0	1	1	13	2	0	40000	0	0	0	0	0	0	0	0	0	0	0	0	0	0	0	0	0	0	0	0	0	0	0	0	0	0
3113	4	1	0	0	0	0	0	1	1	13	2	0	80000	0	0	0	0	0	0	0	0	0	0	0	0	0	0	0	0	0	0	0	0	0	0	0	0	0	0
3113	5	1	0	0	0	0	0	1	1	13	2	0	160000	0	0	0	0	0	0	0	0	0	0	0	0	0	0	0	0	0	0	0	0	0	0	0	0	0	0
3113	6	1	0	0	0	0	0	1	1	13	2	0	240000	0	0	0	0	0	0	0	0	0	0	0	0	0	0	0	0	0	0	0	0	0	0	0	0	0	0
3113	7	1	0	0	0	0	0	1	1	13	2	0	288000	0	0	0	0	0	0	0	0	0	0	0	0	0	0	0	0	0	0	0	0	0	0	0	0	0	0
3113	8	1	0	0	0	0	0	1	1	13	2	0	300000	0	0	0	0	0	0	0	0	0	0	0	0	0	0	0	0	0	0	0	0	0	0	0	0	0	0
3113	9	1	0	0	0	0	0	1	1	13	2	0	320000	0	0	0	0	0	0	0	0	0	0	0	0	0	0	0	0	0	0	0	0	0	0	0	0	0	0
3113	10	1	0	0	0	0	0	1	1	13	2	0	340000	0	0	0	0	0	0	0	0	0	0	0	0	0	0	0	0	0	0	0	0	0	0	0	0	0	0
3114	1	1	0	0	0	0	0	1	1	13	7	0	2000	0	0	0	0	0	0	0	0	0	0	0	0	0	0	0	0	0	0	0	0	0	0	0	0	0	5
3114	2	1	0	0	0	0	0	1	1	13	7	0	4000	0	0	0	0	0	0	0	0	0	0	0	0	0	0	0	0	0	0	0	0	0	0	0	0	0	10
3114	3	1	0	0	0	0	0	1	1	13	7	0	6000	0	0	0	0	0	0	0	0	0	0	0	0	0	0	0	0	0	0	0	0	0	0	0	0	0	15
3114	4	1	0	0	0	0	0	1	1	13	7	0	8000	0	0	0	0	0	0	0	0	0	0	0	0	0	0	0	0	0	0	0	0	0	0	0	0	0	20
3114	5	1	0	0	0	0	0	1	1	13	7	0	10000	0	0	0	0	0	0	0	0	0	0	0	0	0	0	0	0	0	0	0	0	0	0	0	0	0	25
3114	6	1	0	0	0	0	0	1	1	13	7	0	12000	0	0	0	0	0	0	0	0	0	0	0	0	0	0	0	0	0	0	0	0	0	0	0	0	0	30
3114	7	1	0	0	0	0	0	1	1	13	7	0	14000	0	0	0	0	0	0	0	0	0	0	0	0	0	0	0	0	0	0	0	0	0	0	0	0	0	40
3114	8	1	0	0	0	0	0	1	1	13	7	0	15000	0	0	0	0	0	0	0	0	0	0	0	0	0	0	0	0	0	0	0	0	0	0	0	0	0	45
3114	9	1	0	0	0	0	0	1	1	13	7	0	16000	0	0	0	0	0	0	0	0	0	0	0	0	0	0	0	0	0	0	0	0	0	0	0	0	0	50
3114	10	1	0	0	0	0	0	1	1	13	7	0	17000	0	0	0	0	0	0	0	0	0	0	0	0	0	0	0	0	0	0	0	0	0	0	0	0	0	55
3115	1	1	0	0	0	0	0	1	1	13	6	0	2000	0	0	0	0	0	0	0	0	0	0	0	0	0	0	0	0	0	0	0	0	0	0	0	0	0	2
3115	2	1	0	0	0	0	0	1	1	13	6	0	4000	0	0	0	0	0	0	0	0	0	0	0	0	0	0	0	0	0	0	0	0	0	0	0	0	0	4
3115	3	1	0	0	0	0	0	1	1	13	6	0	6000	0	0	0	0	0	0	0	0	0	0	0	0	0	0	0	0	0	0	0	0	0	0	0	0	0	6
3115	4	1	0	0	0	0	0	1	1	13	6	0	8000	0	0	0	0	0	0	0	0	0	0	0	0	0	0	0	0	0	0	0	0	0	0	0	0	0	8
3115	5	1	0	0	0	0	0	1	1	13	6	0	10000	0	0	0	0	0	0	0	0	0	0	0	0	0	0	0	0	0	0	0	0	0	0	0	0	0	10
3115	6	1	0	0	0	0	0	1	1	13	6	0	12000	0	0	0	0	0	0	0	0	0	0	0	0	0	0	0	0	0	0	0	0	0	0	0	0	0	12
3115	7	1	0	0	0	0	0	1	1	13	6	0	14000	0	0	0	0	0	0	0	0	0	0	0	0	0	0	0	0	0	0	0	0	0	0	0	0	0	14
3115	8	1	0	0	0	0	0	1	1	13	6	0	16000	0	0	0	0	0	0	0	0	0	0	0	0	0	0	0	0	0	0	0	0	0	0	0	0	0	16
3115	9	1	0	0	0	0	0	1	1	13	6	0	18000	0	0	0	0	0	0	0	0	0	0	0	0	0	0	0	0	0	0	0	0	0	0	0	0	0	18
3115	10	1	0	0	0	0	0	1	1	13	6	0	20000	0	0	0	0	0	0	0	0	0	0	0	0	0	0	0	0	0	0	0	0	0	0	0	0	0	20
3116	1	1	0	0	0	0	0	1	1	13	3	0	20000	0	0	0	0	0	0	0	0	0	0	0	0	0	0	0	0	0	0	0	0	0	0	0	0	0	0
3116	2	1	0	0	0	0	0	1	1	13	3	0	40000	0	0	0	0	0	0	0	0	0	0	0	0	0	0	0	0	0	0	0	0	0	0	0	0	0	0
3116	3	1	0	0	0	0	0	1	1	13	3	0	80000	0	0	0	0	0	0	0	0	0	0	0	0	0	0	0	0	0	0	0	0	0	0	0	0	0	0
3116	4	1	0	0	0	0	0	1	1	13	3	0	160000	0	0	0	0	0	0	0	0	0	0	0	0	0	0	0	0	0	0	0	0	0	0	0	0	0	0
3116	5	1	0	0	0	0	0	1	1	13	3	0	320000	0	0	0	0	0	0	0	0	0	0	0	0	0	0	0	0	0	0	0	0	0	0	0	0	0	0
3116	6	1	0	0	0	0	0	1	1	13	3	0	480000	0	0	0	0	0	0	0	0	0	0	0	0	0	0	0	0	0	0	0	0	0	0	0	0	0	0
3116	7	1	0	0	0	0	0	1	1	13	3	0	576000	0	0	0	0	0	0	0	0	0	0	0	0	0	0	0	0	0	0	0	0	0	0	0	0	0	0
3116	8	1	0	0	0	0	0	1	1	13	3	0	672000	0	0	0	0	0	0	0	0	0	0	0	0	0	0	0	0	0	0	0	0	0	0	0	0	0	0
3116	9	1	0	0	0	0	0	1	1	13	3	0	768000	0	0	0	0	0	0	0	0	0	0	0	0	0	0	0	0	0	0	0	0	0	0	0	0	0	0
3116	10	1	0	0	0	0	0	1	1	13	3	0	864000	0	0	0	0	0	0	0	0	0	0	0	0	0	0	0	0	0	0	0	0	0	0	0	0	0	0
3117	1	1	0	0	0	0	0	1	1	13	13	0	50	0	0	13	1	0	50000	0	0	0	0	0	0	0	0	0	0	0	0	0	0	0	0	0	0	0	0
3117	2	1	0	0	0	0	0	1	1	13	13	0	60	0	0	13	1	0	100000	0	0	0	0	0	0	0	0	0	0	0	0	0	0	0	0	0	0	0	0
3117	3	1	0	0	0	0	0	1	1	13	13	0	70	0	0	13	1	0	200000	0	0	0	0	0	0	0	0	0	0	0	0	0	0	0	0	0	0	0	0
3117	4	1	0	0	0	0	0	1	1	13	13	0	80	0	0	13	1	0	400000	0	0	0	0	0	0	0	0	0	0	0	0	0	0	0	0	0	0	0	0
3117	5	1	0	0	0	0	0	1	1	13	13	0	90	0	0	13	1	0	800000	0	0	0	0	0	0	0	0	0	0	0	0	0	0	0	0	0	0	0	0
3117	6	1	0	0	0	0	0	1	1	13	13	0	100	0	0	13	1	0	1200000	0	0	0	0	0	0	0	0	0	0	0	0	0	0	0	0	0	0	0	0
3117	7	1	0	0	0	0	0	1	1	13	13	0	110	0	0	13	1	0	1440000	0	0	0	0	0	0	0	0	0	0	0	0	0	0	0	0	0	0	0	0
3117	8	1	0	0	0	0	0	1	1	13	13	0	120	0	0	13	1	0	1680000	0	0	0	0	0	0	0	0	0	0	0	0	0	0	0	0	0	0	0	0
3117	9	1	0	0	0	0	0	1	1	13	13	0	130	0	0	13	1	0	1920000	0	0	0	0	0	0	0	0	0	0	0	0	0	0	0	0	0	0	0	0
3117	10	1	0	0	0	0	0	1	1	13	13	0	140	0	0	13	1	0	2160000	0	0	0	0	0	0	0	0	0	0	0	0	0	0	0	0	0	0	0	0
3118	1	1	0	0	0	20000	0	999	999	1	2	1000000	0	0	0	0	0	0	0	0	0	0	0	0	0	0	0	0	0	0	0	0	0	0	0	0	0	0	0
3125	1	1	0	0	0	0	0	1	1	1	0	1	0	0	0	0	0	0	0	0	0	0	0	0	0	0	0	0	0	0	0	0	0	0	0	0	0	0	0
3144	1	1	0	0	0	10000	0	1	1	2	0	0	0	0	0	3	205	4000	100	0	0	0	0	0	0	0	0	0	0	0	0	0	0	0	0	0	0	0	0
3145	1	1	0	0	0	0	0	1	1	2	0	0	0	0	0	0	0	0	0	0	0	0	0	0	0	0	0	0	0	0	0	0	0	0	0	0	0	0	0
